1 1 1 1 1 1 1 0 0 0 0 0 0 0 1 1 1 1 1 1 1
1 1 1 1 1 1 1 0 0 0 0 0 0 0 1 1 1 1 1 1 1
1 1 1 1 1 1 1 0 0 0 0 0 0 0 1 1 1 1 1 1 1
1 1 1 2 1 1 1 0 0 0 0 0 0 0 1 1 1 2 1 1 1
1 1 1 1 1 1 1 0 0 0 0 0 0 0 1 1 1 1 1 1 1
1 1 1 1 1 1 1 0 0 0 0 0 0 0 1 1 1 1 1 1 1
1 1 1 1 1 1 1 0 0 0 0 0 0 0 1 1 1 1 1 1 1
0 0 0 0 0 0 0 1 1 1 1 1 1 1 0 0 0 0 0 0 0
0 0 0 0 0 0 0 1 1 1 1 1 1 1 0 0 0 0 0 0 0
0 0 0 0 0 0 0 1 1 1 1 1 1 1 0 0 0 0 0 0 0
0 0 0 0 0 0 0 1 1 1 1 1 1 1 0 0 0 0 0 0 0
0 0 0 0 0 0 0 1 1 1 1 1 1 1 0 0 0 0 0 0 0
0 0 0 0 0 0 0 1 1 1 1 1 1 1 0 0 0 0 0 0 0
0 0 0 0 0 0 0 1 1 1 1 1 1 1 0 0 0 0 0 0 0

(11:11,14:14)
(1:1,1:1)
(21:21,1:1);