0 0
0 0
0 0
0 0
0 0
0.001 0
0.001 0
0.001 0
0.001 0
0.001 0
0.002 0
0.002 0
0.002 0
0.002 0
0.002 0
0.003 0
0.003 0
0.003 0
0.003 0
0.003 0
0.004 0
0.004 0
0.004 0
0.004 0
0.004 0
0.005 0
0.005 0
0.005 0
0.005 0
0.005 0
0.006 0
0.006 0
0.006 0
0.006 0
0.006 0
0.007 0
0.007 0
0.007 0
0.007 0
0.007 0
0.008 0
0.008 0
0.008 0
0.008 0
0.008 0
0.009 0
0.009 0
0.009 0
0.009 0
0.009 0
0.01 0
0.01 0
0.01 0
0.01 0
0.01 0
0.011 0
0.011 0
0.011 0
0.011 0
0.011 0
0.012 0
0.012 0
0.012 0
0.012 0
0.012 0
0.013 0
0.013 0
0.013 0
0.013 0
0.013 0
0.014 0
0.014 0
0.014 0
0.014 0
0.014 0
0.015 0
0.015 0
0.015 0
0.015 0
0.015 0
0.016 0
0.016 0
0.016 0
0.016 0
0.016 0
0.017 0
0.017 0
0.017 0
0.017 0
0.017 0
0.018 0
0.018 0
0.018 0
0.018 0
0.018 0
0.019 0
0.019 0
0.019 0
0.019 0
0.019 0
0.02 0
0.02 0
0.02 0
0.02 0
0.02 0
0.021 0
0.021 0
0.021 0
0.021 0
0.021 0
0.022 0
0.022 0
0.022 0
0.022 0
0.022 0
0.023 0
0.023 0
0.023 0
0.023 0
0.023 0
0.024 0
0.024 0
0.024 0
0.024 0
0.024 0
0.025 0
0.025 0
0.025 0
0.025 0
0.025 0
0.026 0
0.026 0
0.026 0
0.026 0
0.026 0
0.027 0
0.027 0
0.027 0
0.027 0
0.027 0
0.028 0
0.028 0
0.028 0
0.028 0
0.028 0
0.029 0
0.029 0
0.029 0
0.029 0
0.029 0
0.03 0
0.03 0
0.03 0
0.03 0
0.03 0
0.031 0
0.031 0
0.031 0
0.031 0
0.031 0
0.032 0
0.032 0
0.032 0
0.032 0
0.032 0
0.033 0
0.033 0
0.033 0
0.033 0
0.033 0
0.034 0
0.034 0
0.034 0
0.034 0
0.034 0
0.035 0
0.035 0
0.035 0
0.035 0
0.035 0
0.036 0
0.036 0
0.036 0
0.036 0
0.036 0
0.037 0
0.037 0
0.037 0
0.037 0
0.037 0
0.038 0
0.038 0
0.038 0
0.038 0
0.038 0
0.039 0
0.039 0
0.039 0
0.039 0
0.039 0
0.04 0
0.04 0
0.04 0
0.04 0
0.04 0
0.041 0
0.041 0
0.041 0
0.041 0
0.041 0
0.042 0
0.042 0
0.042 0
0.042 0
0.042 0
0.043 0
0.043 0
0.043 0
0.043 0
0.043 0
0.044 0
0.044 0
0.044 0
0.044 0
0.044 0
0.045 0
0.045 0
0.045 0
0.045 0
0.045 0
0.046 0
0.046 0
0.046 0
0.046 0
0.046 0
0.047 0
0.047 0
0.047 0
0.047 0
0.047 0
0.048 0
0.048 0
0.048 0
0.048 0
0.048 0
0.049 0
0.049 0
0.049 0
0.049 0
0.049 0
0.05 0
0.05 0
0.05 0
0.05 0
0.05 0
0.051 0
0.051 0
0.051 0
0.051 0
0.051 0
0.052 0
0.052 0
0.052 0
0.052 0
0.052 0
0.053 0
0.053 0
0.053 0
0.053 0
0.053 0
0.054 0
0.054 0
0.054 0
0.054 0
0.054 0
0.055 0
0.055 0
0.055 0
0.055 0
0.055 0
0.056 0
0.056 0
0.056 0
0.056 0
0.056 0
0.057 0
0.057 0
0.057 0
0.057 0
0.057 0
0.058 0
0.058 0
0.058 0
0.058 0
0.058 0
0.059 0
0.059 0
0.059 0
0.059 0
0.059 0
0.06 0
0.06 0
0.06 0
0.06 0
0.06 0
0.061 0
0.061 0
0.061 0
0.061 0
0.061 0
0.062 0
0.062 0
0.062 0
0.062 0
0.062 0
0.063 0
0.063 0
0.063 0
0.063 0
0.063 0
0.064 0
0.064 0
0.064 0
0.064 0
0.064 0
0.065 0
0.065 0
0.065 0
0.065 0
0.065 0
0.066 0
0.066 0
0.066 0
0.066 0
0.066 0
0.067 0
0.067 0
0.067 0
0.067 0
0.067 0
0.068 0
0.068 0
0.068 0
0.068 0
0.068 0
0.069 0
0.069 0
0.069 0
0.069 0
0.069 0
0.07 0
0.07 0
0.07 0
0.07 0
0.07 0
0.071 0
0.071 0
0.071 0
0.071 0
0.071 0
0.072 0
0.072 0
0.072 0
0.072 0
0.072 0
0.073 0
0.073 0
0.073 0
0.073 0
0.073 0
0.074 0
0.074 0
0.074 0
0.074 0
0.074 0
0.075 0
0.075 0
0.075 0
0.075 0
0.075 0
0.076 0
0.076 0
0.076 0
0.076 0
0.076 0
0.077 0
0.077 0
0.077 0
0.077 0
0.077 0
0.078 0
0.078 0
0.078 0
0.078 0
0.078 0
0.079 0
0.079 0
0.079 0
0.079 0
0.079 0
0.08 0
0.08 0
0.08 0
0.08 0
0.08 0
0.081 0
0.081 0
0.081 0
0.081 0
0.081 0
0.082 0
0.082 0
0.082 0
0.082 0
0.082 0
0.083 0
0.083 0
0.083 0
0.083 0
0.083 0
0.084 0
0.084 0
0.084 0
0.084 0
0.084 0
0.085 0.5
0.085 0
0.085 0
0.085 0
0.085 0
0.086 0
0.086 0
0.086 0
0.086 0
0.086 0
0.087 0
0.087 0
0.087 0
0.087 0
0.087 0
0.088 0
0.088 0
0.088 0
0.088 0
0.088 0
0.089 0
0.089 0
0.089 0
0.089 0
0.089 0
0.09 0
0.09 0
0.09 0
0.09 0
0.09 0
0.091 0
0.091 0.2
0.091 0
0.091 0
0.091 0
0.092 0
0.092 0
0.092 0
0.092 0
0.092 0
0.093 0
0.093 0
0.093 0
0.093 0
0.093 0
0.094 0
0.094 0
0.094 0
0.094 0
0.094 0
0.095 0
0.095 0
0.095 0
0.095 0
0.095 0
0.096 0
0.096 0
0.096 0
0.096 0
0.096 0
0.097 0
0.097 0
0.097 0
0.097 0
0.097 0
0.098 0
0.098 0
0.098 0
0.098 0
0.098 0
0.099 0
0.099 0
0.099 0
0.099 0
0.099 0
0.1 0
0.1 0
0.1 0
0.1 0
0.1 0
0.101 0
0.101 0
0.101 0
0.101 0
0.101 0
0.102 0
0.102 0
0.102 0
0.102 0
0.102 0
0.103 0
0.103 0
0.103 0
0.103 0
0.103 0
0.104 0
0.104 0
0.104 0
0.104 0
0.104 0
0.105 0
0.105 0
0.105 0
0.105 0
0.105 0
0.106 0
0.106 0
0.106 0
0.106 0
0.106 0
0.107 0
0.107 0
0.107 0
0.107 0
0.107 0
0.108 0
0.108 0
0.108 0
0.108 0
0.108 0
0.109 0.125
0.109 0
0.109 0
0.109 0
0.109 0
0.11 0
0.11 0
0.11 0
0.11 0
0.11 0
0.111 0
0.111 0
0.111 0
0.111 0
0.111 0
0.112 0
0.112 0
0.112 0
0.112 0
0.112 0
0.113 0
0.113 0
0.113 0
0.113 0
0.113 0
0.114 0
0.114 0
0.114 0
0.114 0
0.114 0
0.115 0
0.115 0
0.115 0
0.115 0
0.115 0
0.116 0
0.116 0
0.116 0
0.116 0
0.116 0
0.117 0
0.117 0
0.117 0
0.117 0
0.117 0
0.118 0
0.118 0
0.118 0
0.118 0
0.118 0
0.119 0
0.119 0
0.119 0
0.119 0
0.119 0
0.12 0
0.12 0
0.12 0
0.12 0
0.12 0
0.121 0
0.121 0
0.121 0
0.121 0
0.121 0
0.122 0
0.122 0.333333
0.122 0
0.122 0
0.122 0
0.123 0
0.123 0
0.123 0
0.123 0
0.123 0
0.124 0
0.124 0
0.124 0
0.124 0
0.124 0
0.125 0
0.125 0
0.125 0
0.125 0
0.125 0
0.126 0
0.126 0
0.126 0
0.126 0
0.126 0
0.127 0
0.127 0
0.127 0
0.127 0
0.127 0
0.128 0
0.128 0
0.128 0
0.128 0
0.128 0
0.129 0
0.129 0
0.129 0
0.129 0
0.129 0
0.13 0
0.13 0
0.13 0
0.13 0
0.13 0
0.131 0
0.131 0
0.131 0
0.131 0
0.131 0
0.132 0
0.132 0
0.132 0
0.132 0
0.132 0
0.133 0
0.133 0.4
0.133 0
0.133 0
0.133 0
0.134 0
0.134 0.25
0.134 0
0.134 0
0.134 0
0.135 0
0.135 0
0.135 0
0.135 0.166667
0.135 0
0.136 0
0.136 0
0.136 0.25
0.136 0
0.136 0
0.137 0
0.137 0
0.137 0
0.137 0
0.137 0
0.138 0
0.138 0
0.138 0
0.138 0
0.138 0
0.139 0
0.139 0
0.139 0
0.139 0
0.139 0
0.14 0
0.14 0
0.14 0
0.14 0
0.14 0
0.141 0
0.141 0
0.141 0
0.141 0
0.141 0
0.142 0
0.142 0
0.142 0
0.142 0
0.142 0
0.143 0
0.143 0
0.143 0
0.143 0
0.143 0
0.144 0
0.144 0
0.144 0
0.144 0
0.144 0
0.145 0
0.145 0.1
0.145 0
0.145 0
0.145 0
0.146 0
0.146 0
0.146 0
0.146 0
0.146 0
0.147 0
0.147 0
0.147 0
0.147 0
0.147 0
0.148 0
0.148 0
0.148 0
0.148 0
0.148 0
0.149 0
0.149 0.666667
0.149 0
0.149 0
0.149 0
0.15 0
0.15 0
0.15 0.333333
0.15 0
0.15 0
0.151 0
0.151 0
0.151 0.125
0.151 0
0.151 0
0.152 0
0.152 0
0.152 0
0.152 0
0.152 0.625
0.153 0
0.153 0
0.153 0
0.153 0
0.153 0
0.154 0
0.154 0
0.154 0
0.154 0
0.154 0
0.155 0.125
0.155 0
0.155 0
0.155 0
0.155 0
0.156 0
0.156 0
0.156 0
0.156 0
0.156 0
0.157 0
0.157 0
0.157 0
0.157 0
0.157 0
0.158 0
0.158 0
0.158 0
0.158 0
0.158 0
0.159 0
0.159 0
0.159 0
0.159 0
0.159 0
0.16 0
0.16 0
0.16 0
0.16 0
0.16 0
0.161 0
0.161 0
0.161 0
0.161 0.25
0.161 0
0.162 0
0.162 0.25
0.162 0
0.162 0
0.162 0
0.163 0
0.163 0
0.163 0
0.163 0
0.163 0
0.164 0
0.164 0
0.164 0
0.164 0
0.164 0
0.165 0
0.165 0
0.165 0
0.165 0
0.165 0
0.166 0
0.166 0
0.166 0
0.166 0
0.166 0
0.167 0.2
0.167 0
0.167 0
0.167 0
0.167 0.333333
0.168 0
0.168 0
0.168 0.333333
0.168 0
0.168 0
0.169 0
0.169 0
0.169 0
0.169 0
0.169 0
0.17 0
0.17 0
0.17 0
0.17 0
0.17 0
0.171 0
0.171 0
0.171 0
0.171 0
0.171 0
0.172 0
0.172 0
0.172 0
0.172 0
0.172 0
0.173 0
0.173 0
0.173 0
0.173 0
0.173 0
0.174 0.25
0.174 0
0.174 0.333333
0.174 0
0.174 0
0.175 0
0.175 0
0.175 0
0.175 0
0.175 0
0.176 0
0.176 0
0.176 0.2
0.176 0
0.176 0
0.177 0
0.177 0
0.177 0
0.177 0
0.177 0.25
0.178 0
0.178 0
0.178 0.4
0.178 0
0.178 0
0.179 0
0.179 0.25
0.179 0
0.179 0
0.179 0
0.18 0
0.18 0
0.18 0
0.18 0
0.18 0
0.181 0
0.181 0
0.181 0
0.181 0
0.181 0
0.182 0.25
0.182 0
0.182 0
0.182 0
0.182 0
0.183 0.25
0.183 0
0.183 0
0.183 0
0.183 0
0.184 0
0.184 0.4
0.184 0
0.184 0
0.184 0
0.185 0
0.185 0.416667
0.185 0
0.185 0.2
0.185 0
0.186 0
0.186 0
0.186 0.5
0.186 0
0.186 0
0.187 0
0.187 0.166667
0.187 0
0.187 0.4
0.187 0
0.188 0
0.188 0
0.188 0
0.188 0
0.188 0
0.189 0.5
0.189 0.2
0.189 0
0.189 0
0.189 0.2
0.19 0
0.19 0
0.19 0.4
0.19 0
0.19 0
0.191 0.2
0.191 0.583333
0.191 0
0.191 0
0.191 0
0.192 0
0.192 0
0.192 0
0.192 0
0.192 0.333333
0.193 0
0.193 0
0.193 0.428571
0.193 0
0.193 0
0.194 0
0.194 0.5
0.194 0
0.194 0
0.194 0
0.195 0
0.195 0
0.195 0
0.195 0
0.195 0
0.196 0
0.196 0
0.196 0
0.196 0
0.196 0
0.197 0
0.197 0
0.197 0
0.197 0
0.197 0
0.198 0
0.198 0.333333
0.198 0
0.198 0
0.198 0
0.199 0
0.199 0
0.199 0.333333
0.199 0
0.199 0
0.2 0
0.2 0
0.2 0
0.2 0
0.2 0.166667
0.201 0
0.201 0
0.201 0
0.201 0
0.201 0
0.202 0
0.202 0
0.202 0
0.202 0
0.202 0
0.203 0
0.203 0
0.203 0
0.203 0
0.203 0
0.204 0
0.204 0.125
0.204 0
0.204 0
0.204 0
0.205 0.25
0.205 0.2
0.205 0
0.205 0.2
0.205 0
0.206 0
0.206 0
0.206 0
0.206 0
0.206 0.285714
0.207 0
0.207 0
0.207 0.2
0.207 0
0.207 0
0.208 0
0.208 0
0.208 0
0.208 0.166667
0.208 0
0.209 0
0.209 0.5
0.209 0
0.209 0
0.209 0
0.21 0
0.21 0
0.21 0.166667
0.21 0
0.21 0
0.211 0.285714
0.211 0
0.211 0
0.211 0
0.211 0
0.212 0
0.212 0
0.212 0
0.212 0
0.212 0
0.213 0
0.213 0.2
0.213 0.2
0.213 0
0.213 0
0.214 0
0.214 0.4375
0.214 0.25
0.214 0
0.214 0.375
0.215 0.444444
0.215 0.25
0.215 0.5
0.215 0.25
0.215 0
0.216 0
0.216 0.2
0.216 0.3125
0.216 0.357143
0.216 0
0.217 0
0.217 0
0.217 0.166667
0.217 0
0.217 0
0.218 0
0.218 0
0.218 0
0.218 0
0.218 0
0.219 0.4
0.219 0
0.219 0.25
0.219 0.333333
0.219 0
0.22 0
0.22 0
0.22 0
0.22 0
0.22 0.142857
0.221 0.166667
0.221 0
0.221 0
0.221 0
0.221 0.5
0.222 0
0.222 0.3
0.222 0
0.222 0
0.222 0
0.223 0
0.223 0
0.223 0
0.223 0
0.223 0
0.224 0
0.224 0
0.224 0
0.224 0
0.224 0
0.225 0
0.225 0
0.225 0
0.225 0
0.225 0
0.226 0
0.226 0.2
0.226 0.166667
0.226 0.166667
0.226 0
0.227 0
0.227 0
0.227 0
0.227 0
0.227 0
0.228 0
0.228 0
0.228 0
0.228 0
0.228 0
0.229 0
0.229 0.357143
0.229 0
0.229 0.5
0.229 0.285714
0.23 0.125
0.23 0
0.23 0
0.23 0
0.23 0.2
0.231 0
0.231 0
0.231 0.142857
0.231 0
0.231 0
0.232 0
0.232 0
0.232 0.2
0.232 0
0.232 0
0.233 0
0.233 0
0.233 0.0833333
0.233 0.357143
0.233 0
0.234 0
0.234 0.166667
0.234 0
0.234 0
0.234 0.428571
0.235 0
0.235 0.333333
0.235 0
0.235 0
0.235 0
0.236 0
0.236 0.25
0.236 0
0.236 0
0.236 0.142857
0.237 0.357143
0.237 0
0.237 0
0.237 0
0.237 0
0.238 0
0.238 0
0.238 0.2
0.238 0.166667
0.238 0
0.239 0.2
0.239 0
0.239 0
0.239 0.142857
0.239 0
0.24 0
0.24 0.45
0.24 0
0.24 0
0.24 0.2
0.241 0.125
0.241 0
0.241 0
0.241 0.25
0.241 0
0.242 0
0.242 0
0.242 0.375
0.242 0
0.242 0
0.243 0.222222
0.243 0
0.243 0
0.243 0
0.243 0.75
0.244 0
0.244 0
0.244 0
0.244 0
0.244 0
0.245 0
0.245 0.25
0.245 0
0.245 0
0.245 0.583333
0.246 0.2
0.246 0.2
0.246 0
0.246 0.333333
0.246 0
0.247 0
0.247 0
0.247 0
0.247 0.2
0.247 0
0.248 0
0.248 0
0.248 0
0.248 0.3
0.248 0
0.249 0.6
0.249 0.25
0.249 0
0.249 0
0.249 0
0.25 0
0.25 0
0.25 0.2
0.25 0
0.25 0.166667
0.251 0.25
0.251 0.25
0.251 0
0.251 0
0.251 0.142857
0.252 0.142857
0.252 0
0.252 0
0.252 0
0.252 0
0.253 0
0.253 0.142857
0.253 0.333333
0.253 0.142857
0.253 0
0.254 0.2
0.254 0
0.254 0.333333
0.254 0
0.254 0
0.255 0
0.255 0
0.255 0
0.255 0
0.255 0
0.256 0
0.256 0
0.256 0
0.256 0.142857
0.256 0
0.257 0
0.257 0.333333
0.257 0
0.257 0
0.257 0
0.258 0
0.258 0
0.258 0.4375
0.258 0
0.258 0
0.259 0.285714
0.259 0.25
0.259 0
0.259 0
0.259 0
0.26 0.5
0.26 0
0.26 0
0.26 0
0.26 0
0.261 0
0.261 0
0.261 0
0.261 0
0.261 0
0.262 0
0.262 0.5
0.262 0
0.262 0
0.262 0
0.263 0.35
0.263 0
0.263 0.3
0.263 0
0.263 0.0714286
0.264 0.285714
0.264 0.5
0.264 0
0.264 0
0.264 0
0.265 0
0.265 0.333333
0.265 0.5
0.265 0
0.265 0
0.266 0.285714
0.266 0
0.266 0
0.266 0
0.266 0
0.267 0.166667
0.267 0.333333
0.267 0.6
0.267 0.5
0.267 0
0.268 0
0.268 0
0.268 0.555556
0.268 0
0.268 0
0.269 0.25
0.269 0.2
0.269 0.25
0.269 0
0.269 0
0.27 0
0.27 0
0.27 0.25
0.27 0.25
0.27 0.2
0.271 0.25
0.271 0
0.271 0
0.271 0
0.271 0
0.272 0.2
0.272 0
0.272 0
0.272 0.142857
0.272 0
0.273 0
0.273 0
0.273 0.2
0.273 0.25
0.273 0
0.274 0
0.274 0
0.274 0.142857
0.274 0.416667
0.274 0
0.275 0
0.275 0.25
0.275 0
0.275 0
0.275 0
0.276 0.5
0.276 0.357143
0.276 0
0.276 0.2
0.276 0
0.277 0.1
0.277 0
0.277 0.2
0.277 0.125
0.277 0.25
0.278 0.333333
0.278 0.75
0.278 0
0.278 0.166667
0.278 0
0.279 0
0.279 0
0.279 0
0.279 0.375
0.279 0.833333
0.28 0
0.28 0.2
0.28 0.285714
0.28 0.166667
0.28 0
0.281 0.166667
0.281 0
0.281 0.125
0.281 0
0.281 0.2
0.282 0
0.282 0.166667
0.282 0
0.282 0
0.282 0
0.283 0
0.283 0
0.283 0
0.283 0
0.283 0
0.284 0.2
0.284 0.333333
0.284 0
0.284 0
0.284 0.3
0.285 0.571429
0.285 0
0.285 0
0.285 0.142857
0.285 0.541667
0.286 0
0.286 0.285714
0.286 0.25
0.286 0
0.286 0
0.287 0
0.287 0
0.287 0
0.287 0.333333
0.287 0
0.288 0
0.288 0.25
0.288 0.7
0.288 0
0.288 0
0.289 0
0.289 0.6875
0.289 0
0.289 0
0.289 0.142857
0.29 0
0.29 0.25
0.29 0.166667
0.29 0
0.29 0
0.291 0
0.291 0
0.291 0
0.291 0.142857
0.291 0
0.292 0.166667
0.292 0.571429
0.292 0
0.292 0
0.292 0.136364
0.293 0.5
0.293 0
0.293 0.285714
0.293 0
0.293 0.5
0.294 0.375
0.294 0.409091
0.294 0
0.294 0
0.294 0
0.295 0.5
0.295 0
0.295 0
0.295 0.25
0.295 0
0.296 0.142857
0.296 0.166667
0.296 0.25
0.296 0.25
0.296 0
0.297 0.25
0.297 0.2
0.297 0
0.297 0.5
0.297 0
0.298 0
0.298 0.214286
0.298 0.4
0.298 0
0.298 0.2
0.299 0
0.299 0
0.299 0.285714
0.299 0.142857
0.299 0
0.3 0
0.3 0.125
0.3 0
0.3 0
0.3 0.5
0.301 0.25
0.301 0
0.301 0
0.301 0.166667
0.301 0
0.302 0
0.302 0.166667
0.302 0
0.302 0.428571
0.302 0.1
0.303 0.166667
0.303 0.4
0.303 0
0.303 0
0.303 0
0.304 0.25
0.304 0.5
0.304 0
0.304 0
0.304 0
0.305 0.142857
0.305 0
0.305 0
0.305 0
0.305 0.333333
0.306 0
0.306 0
0.306 0
0.306 0
0.306 0.4
0.307 0
0.307 0.2
0.307 0
0.307 0
0.307 0
0.308 0
0.308 0.3
0.308 0.15
0.308 0.4
0.308 0.625
0.309 0.166667
0.309 0
0.309 0
0.309 0
0.309 0.25
0.31 0
0.31 0
0.31 0
0.31 0.4375
0.31 0.25
0.311 0.75
0.311 0.5
0.311 0.5
0.311 0
0.311 0
0.312 0
0.312 0.0833333
0.312 0.0833333
0.312 0.5
0.312 0
0.313 0
0.313 0.166667
0.313 0.25
0.313 0.142857
0.313 0.333333
0.314 0
0.314 0.5
0.314 0.142857
0.314 0.2
0.314 0.25
0.315 0
0.315 0
0.315 0.444444
0.315 0.5
0.315 0.25
0.316 0
0.316 0
0.316 0
0.316 0
0.316 0
0.317 0
0.317 0.428571
0.317 0.166667
0.317 0.4
0.317 0
0.318 0
0.318 0
0.318 0
0.318 0.142857
0.318 0
0.319 0
0.319 0.75
0.319 0.2
0.319 0
0.319 0.125
0.32 0.222222
0.32 0.25
0.32 0.444444
0.32 0.142857
0.32 0.285714
0.321 0
0.321 0.25
0.321 0.285714
0.321 0.166667
0.321 0.428571
0.322 0
0.322 0.692308
0.322 0
0.322 0.214286
0.322 0.285714
0.323 0
0.323 0
0.323 0
0.323 0
0.323 0
0.324 0.5
0.324 0.25
0.324 0.222222
0.324 0.375
0.324 0.5
0.325 0.25
0.325 0
0.325 0.5
0.325 0
0.325 0
0.326 0
0.326 0.125
0.326 0.428571
0.326 0
0.326 0.142857
0.327 0.625
0.327 0.285714
0.327 0
0.327 0.166667
0.327 0
0.328 0.0833333
0.328 0
0.328 0
0.328 0
0.328 0
0.329 0.142857
0.329 0.142857
0.329 0
0.329 0.2
0.329 0
0.33 0
0.33 0.6
0.33 0
0.33 0.3
0.33 0
0.331 0.142857
0.331 0.3
0.331 0
0.331 0
0.331 0
0.332 0.590909
0.332 0.333333
0.332 0.142857
0.332 0.428571
0.332 0
0.333 0.25
0.333 0.375
0.333 0.714286
0.333 0.142857
0.333 0
0.334 0.5
0.334 0.2
0.334 0
0.334 0
0.334 0.142857
0.335 0
0.335 0.285714
0.335 0
0.335 0.05
0.335 0.692308
0.336 0.285714
0.336 0.111111
0.336 0.3125
0.336 0.25
0.336 0.25
0.337 0.333333
0.337 0
0.337 0
0.337 0
0.337 0
0.338 0.166667
0.338 0.5625
0.338 0.3
0.338 0
0.338 0
0.339 0.5625
0.339 0
0.339 0.166667
0.339 0.8125
0.339 0.2
0.34 0.125
0.34 0.25
0.34 0.777778
0.34 0.333333
0.34 0.3
0.341 0
0.341 0.444444
0.341 0
0.341 0.3
0.341 0
0.342 0
0.342 0
0.342 0.25
0.342 0.25
0.342 0.166667
0.343 0.166667
0.343 0
0.343 0.25
0.343 0.142857
0.343 0
0.344 0.428571
0.344 0.444444
0.344 0.166667
0.344 0.4
0.344 0.3125
0.345 0.363636
0.345 0.166667
0.345 0
0.345 0.333333
0.345 0
0.346 0.2
0.346 0
0.346 0.444444
0.346 0
0.346 0.125
0.347 0.2
0.347 0.25
0.347 0.285714
0.347 0.333333
0.347 0.2
0.348 0
0.348 0.25
0.348 0
0.348 0
0.348 0
0.349 0.166667
0.349 0
0.349 0
0.349 0.5
0.349 0.142857
0.35 0
0.35 0.4
0.35 0.285714
0.35 0.142857
0.35 0.375
0.351 0.545455
0.351 0.571429
0.351 0
0.351 0
0.351 0.5625
0.352 0
0.352 0
0.352 0
0.352 0
0.352 0.272727
0.353 0
0.353 0
0.353 0.5
0.353 0.428571
0.353 0.125
0.354 0.0833333
0.354 0
0.354 0.666667
0.354 0
0.354 0
0.355 0.333333
0.355 0
0.355 0.4
0.355 0.25
0.355 0
0.356 0.2
0.356 0.166667
0.356 0.333333
0.356 0.5
0.356 0
0.357 0
0.357 0
0.357 0
0.357 0.285714
0.357 0
0.358 0
0.358 0
0.358 0.333333
0.358 0.166667
0.358 0
0.359 0.5625
0.359 0.142857
0.359 0.142857
0.359 0.1
0.359 0.545455
0.36 0.5
0.36 0.222222
0.36 0.5
0.36 0.142857
0.36 0
0.361 0.111111
0.361 0.142857
0.361 0
0.361 0
0.361 0.333333
0.362 0.25
0.362 0.4
0.362 0.388889
0.362 0.375
0.362 0.375
0.363 0.8
0.363 0
0.363 0.166667
0.363 0.875
0.363 0.125
0.364 0.166667
0.364 0
0.364 0
0.364 0.392857
0.364 0
0.365 0
0.365 0
0.365 0
0.365 0
0.365 0.636364
0.366 0.4
0.366 0.136364
0.366 0
0.366 0.166667
0.366 0.555556
0.367 0
0.367 0
0.367 0.3
0.367 0
0.367 0
0.368 0.333333
0.368 0
0.368 0.85
0.368 0.222222
0.368 0.375
0.369 0.538462
0.369 0.333333
0.369 0.3125
0.369 0.363636
0.369 0.285714
0.37 0
0.37 0.461538
0.37 0
0.37 0.142857
0.37 0.142857
0.371 0.2
0.371 0.571429
0.371 0.142857
0.371 0.5
0.371 0.833333
0.372 0
0.372 0
0.372 0
0.372 0
0.372 0
0.373 0.285714
0.373 0.25
0.373 0.142857
0.373 0.692308
0.373 0
0.374 0
0.374 0
0.374 0.5
0.374 0.166667
0.374 0.5
0.375 0.25
0.375 0.333333
0.375 0.55
0.375 0.25
0.375 0.625
0.376 0.5
0.376 0
0.376 0
0.376 0.333333
0.376 0.444444
0.377 0.388889
0.377 0.428571
0.377 0.222222
0.377 0.125
0.377 0.142857
0.378 0
0.378 0.666667
0.378 0
0.378 0.611111
0.378 0
0.379 0.125
0.379 0.454545
0.379 0
0.379 0.15
0.379 0.769231
0.38 0
0.38 0.166667
0.38 0.4
0.38 0.2
0.38 0.363636
0.381 0
0.381 0.555556
0.381 0.727273
0.381 0.5
0.381 0.0833333
0.382 0.142857
0.382 0.214286
0.382 0
0.382 0.375
0.382 0.222222
0.383 0.15
0.383 0.4
0.383 0.285714
0.383 0.166667
0.383 0
0.384 0
0.384 0.125
0.384 0
0.384 0.583333
0.384 0.2
0.385 0.2
0.385 0
0.385 0.45
0.385 0
0.385 0.666667
0.386 0.3
0.386 0.214286
0.386 0
0.386 0.285714
0.386 0.125
0.387 0
0.387 0.222222
0.387 0
0.387 0.25
0.387 0.333333
0.388 0.583333
0.388 0
0.388 0
0.388 0.5
0.388 0
0.389 0
0.389 0
0.389 0.333333
0.389 0
0.389 0.4375
0.39 0.428571
0.39 0.333333
0.39 0.363636
0.39 0.166667
0.39 0
0.391 0
0.391 0.166667
0.391 0.5
0.391 0.357143
0.391 0.375
0.392 0.8125
0.392 0.25
0.392 0
0.392 0
0.392 0.428571
0.393 0
0.393 0.4
0.393 0.555556
0.393 0
0.393 0.333333
0.394 0.5
0.394 0
0.394 0.777778
0.394 0.285714
0.394 0
0.395 0.5
0.395 0
0.395 0.3
0.395 0.166667
0.395 0.222222
0.396 0
0.396 0.833333
0.396 0.357143
0.396 0
0.396 0.25
0.397 0
0.397 0.1
0.397 0.807692
0.397 0.357143
0.397 0.5
0.398 0.357143
0.398 0
0.398 0
0.398 0.222222
0.398 0.611111
0.399 0.5
0.399 0.45
0.399 0.111111
0.399 0
0.399 0.541667
0.4 0
0.4 0
0.4 0
0.4 0
0.4 0.222222
0.401 0.125
0.401 0.6
0.401 0.166667
0.401 0.142857
0.401 0.3
0.402 0
0.402 0.0714286
0.402 0.3125
0.402 0
0.402 0.357143
0.403 0.285714
0.403 0.222222
0.403 0.15
0.403 0.633333
0.403 0.375
0.404 0.25
0.404 0
0.404 0.333333
0.404 0
0.404 0
0.405 0.333333
0.405 0.75
0.405 0.0714286
0.405 0.166667
0.405 0
0.406 0
0.406 0.590909
0.406 0.357143
0.406 0.125
0.406 0
0.407 0
0.407 0
0.407 0.6875
0.407 0.4375
0.407 0
0.408 0.142857
0.408 0
0.408 0.285714
0.408 0.222222
0.408 0.653846
0.409 0.653846
0.409 0.375
0.409 0
0.409 0.678571
0.409 0.272727
0.41 0
0.41 0.5
0.41 0.636364
0.41 0.227273
0.41 0.0714286
0.411 0
0.411 0.55
0.411 0
0.411 0.875
0.411 0.142857
0.412 0.166667
0.412 0.166667
0.412 0.7
0.412 0.6
0.412 0.45
0.413 0
0.413 0.125
0.413 0.5
0.413 0.285714
0.413 0
0.414 0
0.414 0.291667
0.414 0.555556
0.414 0.571429
0.414 0.4375
0.415 0.615385
0.415 0.6
0.415 0.357143
0.415 0.428571
0.415 0.590909
0.416 0.2
0.416 0.8
0.416 0.5
0.416 0.111111
0.416 0.375
0.417 0
0.417 0
0.417 0.416667
0.417 0.45
0.417 0.166667
0.418 0.772727
0.418 0
0.418 0.3
0.418 0.45
0.418 0
0.419 0
0.419 0.166667
0.419 0
0.419 0.166667
0.419 0
0.42 0.25
0.42 0
0.42 0.222222
0.42 0
0.42 0.636364
0.421 0.25
0.421 0.166667
0.421 0.2
0.421 0.4
0.421 0.555556
0.422 0.583333
0.422 0.357143
0.422 0
0.422 0.2
0.422 0.681818
0.423 0.461538
0.423 0.272727
0.423 0.722222
0.423 0.2
0.423 0.653846
0.424 0.625
0.424 0.65
0.424 0.545455
0.424 0.25
0.424 0.714286
0.425 0.388889
0.425 0
0.425 0.222222
0.425 0.5
0.425 0.833333
0.426 0.142857
0.426 0.25
0.426 0.590909
0.426 0.636364
0.426 0.25
0.427 0.583333
0.427 0.142857
0.427 0.636364
0.427 0.166667
0.427 0.6
0.428 0
0.428 0
0.428 0.428571
0.428 0.333333
0.428 0.611111
0.429 0.333333
0.429 0.833333
0.429 0.2
0.429 0.5625
0.429 0
0.43 0.166667
0.43 0.611111
0.43 0.772727
0.43 0
0.43 0
0.431 0.222222
0.431 0.285714
0.431 0.388889
0.431 0.142857
0.431 0.111111
0.432 0.583333
0.432 0.791667
0.432 0.333333
0.432 0.2
0.432 0.5
0.433 0
0.433 0.5625
0.433 0.3125
0.433 0.3
0.433 0.692308
0.434 0.5
0.434 0.545455
0.434 0
0.434 0.166667
0.434 0.25
0.435 0.625
0.435 0.35
0.435 0
0.435 0
0.435 0
0.436 0.541667
0.436 0.423077
0.436 0.333333
0.436 0
0.436 0.5
0.437 0.636364
0.437 0.590909
0.437 0
0.437 0.5
0.437 0
0.438 0.181818
0.438 0.111111
0.438 0.555556
0.438 0.142857
0.438 0.388889
0.439 0.333333
0.439 0.0833333
0.439 0.25
0.439 0.7
0.439 0.166667
0.44 0.769231
0.44 0.45
0.44 0.166667
0.44 0.4
0.44 0.611111
0.441 0
0.441 0.125
0.441 0.166667
0.441 0.666667
0.441 0.428571
0.442 0.363636
0.442 0.125
0.442 0.363636
0.442 0.227273
0.442 0.227273
0.443 0.125
0.443 0.142857
0.443 0
0.443 0.45
0.443 0
0.444 0
0.444 0
0.444 0.65
0.444 0.125
0.444 0.2
0.445 0
0.445 0.409091
0.445 0.333333
0.445 0.166667
0.445 0.142857
0.446 0.4
0.446 0.625
0.446 0
0.446 0.142857
0.446 0.318182
0.447 0.833333
0.447 0.923077
0.447 0.222222
0.447 0.5
0.447 0.272727
0.448 0.285714
0.448 0
0.448 0.363636
0.448 0.25
0.448 0.2
0.449 0.384615
0.449 0.222222
0.449 0.444444
0.449 0.125
0.449 0.615385
0.45 0
0.45 0
0.45 0.5625
0.45 0.666667
0.45 0.5
0.451 0.541667
0.451 0.769231
0.451 0.666667
0.451 0.25
0.451 0.25
0.452 0.4
0.452 0.5
0.452 0
0.452 0.461538
0.452 0.333333
0.453 0.4
0.453 0.75
0.453 0.6
0.453 0.166667
0.453 0
0.454 0.375
0.454 0.277778
0.454 0.5
0.454 0.611111
0.454 0.916667
0.455 0.727273
0.455 0.2
0.455 0.166667
0.455 0.5
0.455 0
0.456 0.75
0.456 0.909091
0.456 0.277778
0.456 0.25
0.456 0.277778
0.457 0.2
0.457 0.318182
0.457 0.75
0.457 0.35
0.457 0.388889
0.458 0.318182
0.458 0.590909
0.458 0.666667
0.458 0.444444
0.458 0.25
0.459 0.05
0.459 0.388889
0.459 0.166667
0.459 0.2
0.459 0.708333
0.46 0.75
0.46 0
0.46 0.111111
0.46 0
0.46 0.363636
0.461 0.6875
0.461 0.590909
0.461 0.5
0.461 0.6
0.461 0
0.462 0.181818
0.462 0.45
0.462 0.3
0.462 0.3
0.462 0.111111
0.463 0.285714
0.463 0.25
0.463 0.2
0.463 0.142857
0.463 0.363636
0.464 0.611111
0.464 0
0.464 0.3125
0.464 0.333333
0.464 0.222222
0.465 0.142857
0.465 0.3
0.465 0.4
0.465 0.142857
0.465 0.25
0.466 0.25
0.466 0
0.466 0.5
0.466 0.727273
0.466 0.545455
0.467 0.208333
0.467 0.125
0.467 0.458333
0.467 0.636364
0.467 0.285714
0.468 0.45
0.468 0.607143
0.468 0.5625
0.468 0.285714
0.468 0.125
0.469 0.363636
0.469 0.583333
0.469 0.25
0.469 0.666667
0.469 0.444444
0.47 0
0.47 0.25
0.47 0
0.47 0.7
0.47 0.3
0.471 0
0.471 0.461538
0.471 0.55
0.471 0.65
0.471 0.142857
0.472 0.40625
0.472 0.458333
0.472 0.388889
0.472 0.433333
0.472 0.708333
0.473 0.318182
0.473 0.35
0.473 0.222222
0.473 0.409091
0.473 0.5
0.474 0.375
0.474 0.65
0.474 0
0.474 0.545455
0.474 0.5625
0.475 0
0.475 0.357143
0.475 0.545455
0.475 0.857143
0.475 0.125
0.476 0.3
0.476 0.1
0.476 0.428571
0.476 0.545455
0.476 0.730769
0.477 0.461538
0.477 0.222222
0.477 0.766667
0.477 0.181818
0.477 0.636364
0.478 0
0.478 0.454545
0.478 0.785714
0.478 0.75
0.478 0.307692
0.479 0.285714
0.479 0.730769
0.479 0.272727
0.479 0.142857
0.479 0.3
0.48 0
0.48 0.464286
0.48 0.642857
0.48 0.4375
0.48 0.615385
0.481 0.75
0.481 0.357143
0.481 0.5
0.481 0.923077
0.481 0.633333
0.482 0.454545
0.482 0.166667
0.482 0.125
0.482 0.318182
0.482 0.55
0.483 0.35
0.483 0.615385
0.483 0
0.483 0.4
0.483 0
0.484 0.222222
0.484 0.85
0.484 0.611111
0.484 0.384615
0.484 0.708333
0.485 0.111111
0.485 0.125
0.485 0.65
0.485 0
0.485 0.714286
0.486 0.375
0.486 0.166667
0.486 0.35
0.486 0.4
0.486 0.4
0.487 0.681818
0.487 0.666667
0.487 0.555556
0.487 0.375
0.487 0.615385
0.488 0.333333
0.488 0.2
0.488 0.615385
0.488 0.625
0.488 0.125
0.489 0
0.489 0
0.489 0.2
0.489 0.777778
0.489 0.4
0.49 0.25
0.49 0.84375
0.49 0.5
0.49 0.65
0.49 0.285714
0.491 0.333333
0.491 0.75
0.491 0.357143
0.491 0.45
0.491 0.25
0.492 0.363636
0.492 0.375
0.492 0
0.492 0.2
0.492 0.166667
0.493 0.125
0.493 0.291667
0.493 0.5
0.493 0.55
0.493 0
0.494 0.590909
0.494 0.545455
0.494 0.583333
0.494 0.866667
0.494 0.777778
0.495 0.166667
0.495 0.666667
0.495 0.2
0.495 0.166667
0.495 0.222222
0.496 0.55
0.496 0
0.496 0.730769
0.496 0.923077
0.496 0.75
0.497 0.583333
0.497 0.25
0.497 0.6
0.497 0.454545
0.497 0
0.498 0.428571
0.498 0.333333
0.498 0.3125
0.498 0.65
0.498 0.125
0.499 0
0.499 0.766667
0.499 0
0.499 0.5
0.499 0.727273
0.5 0.333333
0.5 0.5
0.5 0
0.5 0.5
0.5 0.666667
0.501 0.566667
0.501 0.541667
0.501 0
0.501 0.384615
0.501 0.227273
0.502 0.571429
0.502 0.727273
0.502 0.65
0.502 0.5
0.502 0.7
0.503 0
0.503 0.970588
0.503 0.863636
0.503 0.846154
0.503 0.7
0.504 0.583333
0.504 0.772727
0.504 0.4
0.504 0.333333
0.504 0.590909
0.505 0.642857
0.505 0.923077
0.505 0.7
0.505 0.125
0.505 0
0.506 0.681818
0.506 0.55
0.506 0.214286
0.506 0.333333
0.506 0.545455
0.507 0
0.507 0.181818
0.507 0.714286
0.507 0.375
0.507 0.333333
0.508 0
0.508 0
0.508 0.590909
0.508 0
0.508 0.222222
0.509 0.636364
0.509 0.5
0.509 0.535714
0.509 0
0.509 0.5
0.51 0.772727
0.51 0
0.51 0.769231
0.51 0.769231
0.51 0.5
0.511 0.65
0.511 0.428571
0.511 0.576923
0.511 0.555556
0.511 0.928571
0.512 0.576923
0.512 0.346154
0.512 0.692308
0.512 0
0.512 0.3
0.513 0
0.513 0.833333
0.513 0.791667
0.513 0.416667
0.513 0.625
0.514 0.428571
0.514 0.4
0.514 0.1
0.514 0.6875
0.514 0
0.515 0.4
0.515 0.538462
0.515 0.272727
0.515 0.541667
0.515 0.8
0.516 0.65
0.516 0
0.516 0.727273
0.516 0.571429
0.516 0.555556
0.517 0.3
0.517 0.615385
0.517 0.590909
0.517 0.125
0.517 0.541667
0.518 0.318182
0.518 0.333333
0.518 0.571429
0.518 0.318182
0.518 0.333333
0.519 0.363636
0.519 0
0.519 0.75
0.519 0
0.519 0.625
0.52 0.833333
0.52 0.458333
0.52 0.35
0.52 0.5
0.52 0.583333
0.521 0.444444
0.521 0.2
0.521 0
0.521 0.5
0.521 0
0.522 0.416667
0.522 0.285714
0.522 0.5
0.522 0.590909
0.522 0
0.523 0.111111
0.523 0.625
0.523 0.222222
0.523 0
0.523 1
0.524 0.25
0.524 0.55
0.524 0.2
0.524 0
0.524 0.375
0.525 0
0.525 0.3125
0.525 0
0.525 0.571429
0.525 0
0.526 0.6
0.526 0.833333
0.526 0.769231
0.526 0.625
0.526 0.269231
0.527 0.583333
0.527 0.708333
0.527 0.863636
0.527 0.45
0.527 0.4
0.528 0.1875
0.528 0.636364
0.528 0.363636
0.528 0.6
0.528 0.541667
0.529 0.5
0.529 0.541667
0.529 0.458333
0.529 0.653846
0.529 0
0.53 0.15
0.53 0.53125
0.53 0.461538
0.53 0.444444
0.53 0.222222
0.531 0.142857
0.531 0.681818
0.531 0.642857
0.531 0
0.531 0.409091
0.532 0
0.532 0.409091
0.532 0.272727
0.532 0.666667
0.532 0.384615
0.533 0.153846
0.533 0.5
0.533 0.5
0.533 0.75
0.533 0
0.534 0.541667
0.534 0.5
0.534 0.3125
0.534 0.227273
0.534 0.714286
0.535 0.583333
0.535 0.607143
0.535 0.363636
0.535 0.636364
0.535 0.3
0.536 0.636364
0.536 0.25
0.536 0.333333
0.536 0.409091
0.536 0.7
0.537 0.428571
0.537 0.846154
0.537 0.678571
0.537 0.75
0.537 0.571429
0.538 0.681818
0.538 0.4
0.538 0.545455
0.538 0.307692
0.538 0.5
0.539 0.714286
0.539 0.2
0.539 0.375
0.539 0.807692
0.539 0.1
0.54 0.444444
0.54 0.333333
0.54 0.90625
0.54 0.625
0.54 0
0.541 0.535714
0.541 0.533333
0.541 0.416667
0.541 0.928571
0.541 0.25
0.542 0.357143
0.542 0
0.542 0.678571
0.542 0.863636
0.542 0.590909
0.543 0.5
0.543 0
0.543 0.291667
0.543 0
0.543 0.615385
0.544 0.333333
0.544 0.75
0.544 0.111111
0.544 0.333333
0.544 0.3
0.545 0.2
0.545 0.318182
0.545 0.884615
0.545 0.846154
0.545 0.866667
0.546 0.666667
0.546 0.25
0.546 0.714286
0.546 0.318182
0.546 0.416667
0.547 0.636364
0.547 0.5
0.547 0.375
0.547 0.538462
0.547 0
0.548 0.735294
0.548 0.71875
0.548 0.285714
0.548 0.538462
0.548 0.5
0.549 0.222222
0.549 0.111111
0.549 0.653846
0.549 0.8
0.549 0.857143
0.55 0.0909091
0.55 0.766667
0.55 0.3
0.55 0.5
0.55 0.384615
0.551 0.4375
0.551 0.571429
0.551 0.615385
0.551 0.678571
0.551 0.5
0.552 0.363636
0.552 0.882353
0.552 0.875
0.552 0.636364
0.552 0.333333
0.553 0.722222
0.553 0.454545
0.553 0.678571
0.553 0.566667
0.553 0.5
0.554 0.2
0.554 0.357143
0.554 0.538462
0.554 0.357143
0.554 0
0.555 0.794118
0.555 0.727273
0.555 0.363636
0.555 0.75
0.555 0.0555556
0.556 0.961538
0.556 0.375
0.556 0.5
0.556 0.208333
0.556 0.681818
0.557 0.615385
0.557 0.4375
0.557 0.444444
0.557 0.583333
0.557 0.785714
0.558 0.769231
0.558 0
0.558 0.733333
0.558 0.714286
0.558 0.733333
0.559 0.75
0.559 0.653846
0.559 0.409091
0.559 0.416667
0.559 0.375
0.56 0.444444
0.56 0.75
0.56 0.615385
0.56 0.833333
0.56 0.833333
0.561 0.5
0.561 0.923077
0.561 0.541667
0.561 0.642857
0.561 0
0.562 0.666667
0.562 0.4
0.562 0.4
0.562 0.466667
0.562 0.466667
0.563 0.545455
0.563 0.5
0.563 0.538462
0.563 0.222222
0.563 0.846154
0.564 0.9
0.564 0.7
0.564 0.772727
0.564 0.142857
0.564 0.933333
0.565 0.583333
0.565 0
0.565 0.708333
0.565 0.35
0.565 0.272727
0.566 0.785714
0.566 0.5
0.566 0
0.566 0.636364
0.566 0.769231
0.567 0.25
0.567 0.75
0.567 0.2
0.567 0.941176
0.567 0
0.568 0.181818
0.568 0.666667
0.568 0.545455
0.568 0.5
0.568 0.636364
0.569 0.928571
0.569 0.636364
0.569 0.666667
0.569 0.227273
0.569 0.653846
0.57 0.764706
0.57 0.666667
0.57 0.653846
0.57 0.4
0.57 0.6
0.571 0.583333
0.571 0.25
0.571 0.576923
0.571 0.636364
0.571 0.576923
0.572 0.470588
0.572 0.125
0.572 0.416667
0.572 0.807692
0.572 0.5
0.573 0.666667
0.573 0.375
0.573 0.5
0.573 0.733333
0.573 0.9
0.574 0.566667
0.574 0.846154
0.574 0.733333
0.574 0.1
0.574 0.5
0.575 0.941176
0.575 0.35
0.575 0.4
0.575 0.625
0.575 0.7
0.576 0.733333
0.576 0.409091
0.576 0.78125
0.576 0
0.576 0.233333
0.577 0.3
0.577 0.454545
0.577 0.541667
0.577 0
0.577 0.533333
0.578 0.5
0.578 0.333333
0.578 0.7
0.578 0.666667
0.578 0.333333
0.579 0.692308
0.579 0.678571
0.579 0.823529
0.579 0.45
0.579 0.633333
0.58 0.454545
0.58 0.454545
0.58 0.607143
0.58 0.464286
0.58 0.8
0.581 0.46875
0.581 0.7
0.581 0.545455
0.581 0.642857
0.581 0.535714
0.582 0
0.582 0
0.582 0.615385
0.582 0.823529
0.582 0.545455
0.583 0.615385
0.583 0.454545
0.583 0
0.583 0.4
0.583 0.227273
0.584 0.666667
0.584 0.735294
0.584 0.821429
0.584 0.375
0.584 0.545455
0.585 0.892857
0.585 0
0.585 0
0.585 0.653846
0.585 0.5
0.586 0.6875
0.586 0.5
0.586 0
0.586 0.714286
0.586 0.75
0.587 0
0.587 0.625
0.587 0.583333
0.587 0.3
0.587 0.733333
0.588 0.8
0.588 0.538462
0.588 0.846154
0.588 0.466667
0.588 0.5
0.589 0.714286
0.589 0
0.589 0
0.589 0.642857
0.589 0.735294
0.59 0.333333
0.59 0.625
0.59 0.454545
0.59 0.882353
0.59 0
0.591 0.607143
0.591 0.318182
0.591 0.111111
0.591 0.727273
0.591 0.678571
0.592 0.307692
0.592 0.941176
0.592 0.428571
0.592 0.785714
0.592 0.46875
0.593 0.5
0.593 0
0.593 0.636364
0.593 0.666667
0.593 0.90625
0.594 0.227273
0.594 0.538462
0.594 0.1
0.594 0.694444
0.594 0.333333
0.595 0.9
0.595 0.535714
0.595 1
0.595 0.5
0.595 0.529412
0.596 0.5
0.596 0.181818
0.596 0.833333
0.596 0.678571
0.596 0.6
0.597 0.714286
0.597 0.538462
0.597 0.40625
0.597 0.55
0.597 0.538462
0.598 0.791667
0.598 0.535714
0.598 0.125
0.598 0.769231
0.598 0.5
0.599 0.571429
0.599 0.357143
0.599 0.933333
0.599 0.416667
0.599 0.291667
0.6 0.615385
0.6 0.833333
0.6 0.291667
0.6 0.708333
0.6 0.818182
0.601 0.545455
0.601 1
0.601 0.535714
0.601 0.769231
0.601 0.375
0.602 0.607143
0.602 0.416667
0.602 0.5
0.602 0.545455
0.602 0.357143
0.603 0.307692
0.603 0.571429
0.603 0.766667
0.603 0.730769
0.603 0.3
0.604 0.227273
0.604 0.833333
0.604 0.5
0.604 0.681818
0.604 0.375
0.605 0.55
0.605 0.9
0.605 0.71875
0.605 0.45
0.605 0.714286
0.606 0.642857
0.606 0.866667
0.606 0
0.606 0.636364
0.606 0.5
0.607 0.416667
0.607 0.333333
0.607 0.615385
0.607 0.4
0.607 0.75
0.608 0.625
0.608 0.4
0.608 0.272727
0.608 0.545455
0.608 0.6
0.609 0.576923
0.609 0.708333
0.609 0.607143
0.609 0.785714
0.609 0.5
0.61 0.7
0.61 0.615385
0.61 0.5
0.61 1
0.61 0.541667
0.611 0.733333
0.611 0.666667
0.611 0.384615
0.611 0.642857
0.611 0.366667
0.612 0.6
0.612 0
0.612 0.409091
0.612 0.615385
0.612 0.636364
0.613 0.615385
0.613 0
0.613 0.428571
0.613 0.590909
0.613 0.925
0.614 0
0.614 0.388889
0.614 0.0555556
0.614 0
0.614 0
0.615 0.733333
0.615 0.75
0.615 0.25
0.615 0.272727
0.615 0
0.616 0.538462
0.616 0.928571
0.616 0.678571
0.616 0.5
0.616 0.846154
0.617 0.766667
0.617 0.846154
0.617 0.576923
0.617 0.545455
0.617 0.53125
0.618 0.785714
0.618 0.78125
0.618 0.84375
0.618 0.78125
0.618 0
0.619 0.545455
0.619 0.636364
0.619 0.8125
0.619 0.318182
0.619 0.576923
0.62 0.5
0.62 0.6
0.62 0.277778
0.62 0
0.62 0.833333
0.621 0.428571
0.621 0.766667
0.621 0.529412
0.621 0.59375
0.621 0.972222
0.622 0.625
0.622 0.538462
0.622 0.416667
0.622 0.692308
0.622 0.5
0.623 0.714286
0.623 0.833333
0.623 0.653846
0.623 0.764706
0.623 0.846154
0.624 0.730769
0.624 0.181818
0.624 0
0.624 0.233333
0.624 0.576923
0.625 0.181818
0.625 0.7
0.625 0.653846
0.625 0.363636
0.625 0.576923
0.626 0.227273
0.626 0.857143
0.626 0.973684
0.626 0.433333
0.626 0.230769
0.627 0.5
0.627 0.692308
0.627 0.291667
0.627 0.545455
0.627 0.653846
0.628 0.461538
0.628 0
0.628 0.384615
0.628 0.7
0.628 0
0.629 0.653846
0.629 0.857143
0.629 0.714286
0.629 0.5
0.629 0.466667
0.63 0.571429
0.63 0.409091
0.63 0.708333
0.63 0.571429
0.63 0.791667
0.631 0.678571
0.631 0.333333
0.631 0.769231
0.631 0.678571
0.631 0.5
0.632 0.583333
0.632 0.5
0.632 0.566667
0.632 0.333333
0.632 0.588235
0.633 0.625
0.633 0.692308
0.633 0.75
0.633 0.55
0.633 0.714286
0.634 0.318182
0.634 0.8125
0.634 0.676471
0.634 0.714286
0.634 0.466667
0.635 0.653846
0.635 0.730769
0.635 0.272727
0.635 0.78125
0.635 0.8125
0.636 0.375
0.636 0.333333
0.636 1
0.636 0.75
0.636 0.375
0.637 0.7
0.637 0.366667
0.637 0.461538
0.637 0.763158
0.637 0.8125
0.638 0.884615
0.638 0.5
0.638 0.461538
0.638 0.5
0.638 0.681818
0.639 0.384615
0.639 0.833333
0.639 0.7
0.639 0.764706
0.639 0.833333
0.64 0.823529
0.64 0.321429
0.64 0.84375
0.64 0.441176
0.64 0.75
0.641 0.277778
0.641 0.846154
0.641 0.3
0.641 0.411765
0.641 0.625
0.642 0.692308
0.642 0.78125
0.642 0.941176
0.642 0.461538
0.642 0.428571
0.643 0
0.643 0.222222
0.643 0.558824
0.643 0.875
0.643 0.805556
0.644 0.454545
0.644 0.823529
0.644 0.8
0.644 0.722222
0.644 0
0.645 0.75
0.645 0.785714
0.645 0.541667
0.645 0.416667
0.645 0.96875
0.646 0.192308
0.646 0.678571
0.646 0.84375
0.646 0.866667
0.646 0.8125
0.647 0.730769
0.647 0.461538
0.647 0.65
0.647 0.71875
0.647 0.75
0.648 0.916667
0.648 0.607143
0.648 0
0.648 0.576923
0.648 0.566667
0.649 0.576923
0.649 0.833333
0.649 0.181818
0.649 0.583333
0.649 0.807692
0.65 0.972222
0.65 0.75
0.65 0.833333
0.65 0.75
0.65 0.852941
0.651 0.75
0.651 0.6
0.651 0.363636
0.651 0.333333
0.651 0.7
0.652 0.764706
0.652 0.785714
0.652 0
0.652 0.785714
0.652 0.727273
0.653 0.571429
0.653 0.642857
0.653 0.384615
0.653 0.823529
0.653 0.333333
0.654 0
0.654 0.666667
0.654 0.375
0.654 0.96875
0.654 0.181818
0.655 0.333333
0.655 0.423077
0.655 0.84375
0.655 0.576923
0.655 0.4375
0.656 0.821429
0.656 0
0.656 0.911765
0.656 0.363636
0.656 0.5
0.657 0.636364
0.657 0.607143
0.657 0.9
0.657 0.5
0.657 0.78125
0.658 0.5
0.658 0.136364
0.658 0.852941
0.658 0
0.658 0.666667
0.659 0.272727
0.659 0.55
0.659 0.333333
0.659 0.633333
0.659 0.409091
0.66 0.6
0.66 0.285714
0.66 0.857143
0.66 0.944444
0.66 0.6
0.661 0.571429
0.661 0.766667
0.661 0.805556
0.661 0.541667
0.661 0.821429
0.662 0.933333
0.662 0.75
0.662 0.384615
0.662 0.642857
0.662 0.666667
0.663 0.684211
0.663 0
0.663 0.818182
0.663 0.642857
0.663 0.333333
0.664 0.6
0.664 0.733333
0.664 0.4375
0.664 0.5
0.664 0.766667
0.665 0.842105
0.665 0.84375
0.665 0
0.665 0.733333
0.665 0.541667
0.666 0.5
0.666 0.357143
0.666 0.5
0.666 0.933333
0.666 0.535714
0.667 0.6
0.667 0.3
0.667 0.4375
0.667 0.8
0.667 0.375
0.668 0.8125
0.668 0.384615
0.668 0.8
0.668 0
0.668 0.633333
0.669 0.75
0.669 0
0.669 0.805556
0.669 0.538462
0.669 0.5
0.67 0
0.67 0.631579
0.67 0.625
0.67 0.583333
0.67 0.538462
0.671 0.789474
0.671 0.5
0.671 0.708333
0.671 0.923077
0.671 0.733333
0.672 0
0.672 0.75
0.672 0.625
0.672 0.40625
0.672 0.833333
0.673 0.466667
0.673 0.705882
0.673 0.764706
0.673 0
0.673 0.766667
0.674 0.785714
0.674 0.78125
0.674 0.571429
0.674 0.566667
0.674 0.6875
0.675 0.733333
0.675 0.714286
0.675 0.7
0.675 0.583333
0.675 0.861111
0.676 0.363636
0.676 0.384615
0.676 0.375
0.676 0.541667
0.676 0.375
0.677 0.7
0.677 0.861111
0.677 0.9375
0.677 0
0.677 0.5
0.678 0.678571
0.678 0.678571
0.678 0.607143
0.678 0.708333
0.678 0.392857
0.679 0.533333
0.679 0.676471
0.679 0.291667
0.679 0.794118
0.679 0.571429
0.68 0.5
0.68 0.666667
0.68 0.852941
0.68 0.975
0.68 0.8125
0.681 0.607143
0.681 0.8
0.681 0.25
0.681 0.8
0.681 0.678571
0.682 0.291667
0.682 0.777778
0.682 0.911765
0.682 0.65625
0.682 0.694444
0.683 0.692308
0.683 0.882353
0.683 0.78125
0.683 0.423077
0.683 0.75
0.684 0.75
0.684 0.545455
0.684 0.714286
0.684 0.730769
0.684 0.6
0.685 0.5
0.685 0.533333
0.685 0.461538
0.685 0.647059
0.685 0.558824
0.686 0.833333
0.686 0.766667
0.686 0.642857
0.686 0.461538
0.686 0.9375
0.687 0
0.687 0.966667
0.687 0.46875
0.687 0.973684
0.687 0.9
0.688 0.25
0.688 0.714286
0.688 0.285714
0.688 0.861111
0.688 0.466667
0.689 0.9375
0.689 0.392857
0.689 0.733333
0.689 0.815789
0.689 0.964286
0.69 0.40625
0.69 0.730769
0.69 0.823529
0.69 0.45
0.69 0.75
0.691 0.227273
0.691 0.363636
0.691 0.805556
0.691 0.733333
0.691 0.833333
0.692 0.1
0.692 0
0.692 0.607143
0.692 0.633333
0.692 0.583333
0.693 0
0.693 0.764706
0.693 0.71875
0.693 0.75
0.693 0.9
0.694 0.25
0.694 0.71875
0.694 0.578947
0.694 0.34375
0.694 0.733333
0.695 0
0.695 0.5
0.695 0.53125
0.695 0.6
0.695 0.75
0.696 0.733333
0.696 0.894737
0.696 0.823529
0.696 0.366667
0.696 0.78125
0.697 0.363636
0.697 0.638889
0.697 0.944444
0.697 0.527778
0.697 0.611111
0.698 0.678571
0.698 0.785714
0.698 0.625
0.698 0.766667
0.698 0.9375
0.699 0.861111
0.699 0.823529
0.699 0.733333
0.699 0.75
0.699 0.384615
0.7 0.321429
0.7 0.4375
0.7 0.764706
0.7 0
0.7 0.84375
0.701 0.735294
0.701 0.357143
0.701 0.464286
0.701 0.6
0.701 0.846154
0.702 0.529412
0.702 0.894737
0.702 0.928571
0.702 0.9
0.702 1
0.703 0.875
0.703 0
0.703 0.789474
0.703 0.722222
0.703 0.617647
0.704 0.823529
0.704 0.75
0.704 0.323529
0.704 0.71875
0.704 0.416667
0.705 0
0.705 0.921053
0.705 0.428571
0.705 0.576923
0.705 0.925
0.706 0.227273
0.706 0.933333
0.706 0.84375
0.706 0.642857
0.706 0.5
0.707 1
0.707 0.75
0.707 0.642857
0.707 0.958333
0.707 0.882353
0.708 0.730769
0.708 0.5
0.708 0.944444
0.708 0.815789
0.708 0.692308
0.709 0.4375
0.709 0.777778
0.709 0.777778
0.709 0.272727
0.709 0.666667
0.71 0.111111
0.71 0.333333
0.71 0.5
0.71 0.6
0.71 0.928571
0.711 0.676471
0.711 0.40625
0.711 0.4375
0.711 0.882353
0.711 0.708333
0.712 0.868421
0.712 0
0.712 0.7
0.712 0.733333
0.712 0.705882
0.713 0.789474
0.713 0.2
0.713 0.857143
0.713 0.78125
0.713 0.666667
0.714 0.605263
0.714 0.636364
0.714 0
0.714 0.823529
0.714 0.678571
0.715 0.794118
0.715 0.911765
0.715 0.911765
0.715 0.7
0.715 0.653846
0.716 0.95
0.716 0.666667
0.716 0.7
0.716 0.84375
0.716 0.5
0.717 0.78125
0.717 1
0.717 0.653846
0.717 0.84375
0.717 0.794118
0.718 0.763158
0.718 0.823529
0.718 0.944444
0.718 0.875
0.718 0.6875
0.719 0.46875
0.719 0.75
0.719 0.911765
0.719 0.861111
0.719 0.6
0.72 0.433333
0.72 0.8125
0.72 0.9
0.72 0.7
0.72 0.75
0.721 1
0.721 0.764706
0.721 0.805556
0.721 0.916667
0.721 0.423077
0.722 0.7
0.722 0.766667
0.722 0
0.722 0.916667
0.722 0.625
0.723 0.533333
0.723 0.75
0.723 0.911765
0.723 0.766667
0.723 0.78125
0.724 0.90625
0.724 0.805556
0.724 0.526316
0.724 0.8
0.724 0.653846
0.725 0.852941
0.725 0.941176
0.725 0.638889
0.725 0.833333
0.725 0.96875
0.726 0.538462
0.726 0
0.726 0.75
0.726 0.666667
0.726 0.40625
0.727 0.75
0.727 0.71875
0.727 0.735294
0.727 0.705882
0.727 0.815789
0.728 0.944444
0.728 0.722222
0.728 0.441176
0.728 0.95
0.728 0.75
0.729 0.880952
0.729 0.764706
0.729 0.538462
0.729 0.78125
0.729 0.789474
0.73 0.852941
0.73 1
0.73 0.947368
0.73 0.5
0.73 0.84375
0.731 0.575
0.731 0.428571
0.731 0.269231
0.731 0.846154
0.731 0.925
0.732 0.552632
0.732 0.222222
0.732 0.833333
0.732 0.733333
0.732 1
0.733 0.366667
0.733 0.882353
0.733 0.730769
0.733 0.944444
0.733 0.470588
0.734 0.633333
0.734 0.441176
0.734 0.763158
0.734 0.868421
0.734 0.472222
0.735 0.85
0.735 0.75
0.735 0.461538
0.735 0.357143
0.735 0
0.736 0.794118
0.736 1
0.736 0.34375
0.736 0.642857
0.736 0.46875
0.737 0.6875
0.737 0.552632
0.737 0.842105
0.737 0.625
0.737 1
0.738 0.833333
0.738 0.470588
0.738 0.75
0.738 1
0.738 0.861111
0.739 0.916667
0.739 0.868421
0.739 0.6
0.739 0.875
0.739 0.777778
0.74 0
0.74 0.538462
0.74 0.928571
0.74 0.555556
0.74 0.842105
0.741 0.833333
0.741 0.970588
0.741 0.65
0.741 0.794118
0.741 0.733333
0.742 0.441176
0.742 0.678571
0.742 0.65625
0.742 0.9
0.742 0.75
0.743 0.533333
0.743 0.588235
0.743 0.366667
0.743 0
0.743 0.71875
0.744 0.833333
0.744 0.766667
0.744 0.916667
0.744 0.842105
0.744 0.921053
0.745 0.916667
0.745 0.794118
0.745 0.861111
0.745 0.911765
0.745 0.34375
0.746 0.166667
0.746 0.911765
0.746 0.794118
0.746 0.533333
0.746 0.552632
0.747 0.6
0.747 0.441176
0.747 0.666667
0.747 0.464286
0.747 0.764706
0.748 0.833333
0.748 0.944444
0.748 0.823529
0.748 0.833333
0.748 0.833333
0.749 0.875
0.749 0
0.749 0.90625
0.749 0.970588
0.749 0.777778
0.75 0.382353
0.75 0.578947
0.75 0.90625
0.75 0.571429
0.75 0.5
0.751 0.566667
0.751 0.571429
0.751 0.84375
0.751 0.6875
0.751 0.973684
0.752 0.777778
0.752 0.571429
0.752 0.777778
0.752 0.5
0.752 0.944444
0.753 0.933333
0.753 0.888889
0.753 0.625
0.753 0.555556
0.753 0.789474
0.754 0.875
0.754 0.633333
0.754 0.947368
0.754 0.375
0.754 1
0.755 0.970588
0.755 0.823529
0.755 0.861111
0.755 0.794118
0.755 0.694444
0.756 0.842105
0.756 0.916667
0.756 0.642857
0.756 0.676471
0.756 0.625
0.757 0.815789
0.757 0.647059
0.757 0.583333
0.757 0.888889
0.757 0.5
0.758 0.704545
0.758 1
0.758 0.78125
0.758 0.578947
0.758 0.78125
0.759 0
0.759 0
0.759 0.833333
0.759 1
0.759 0.941176
0.76 0.9375
0.76 0.868421
0.76 0.825
0.76 0.558824
0.76 0.694444
0.761 0.85
0.761 0.472222
0.761 0.433333
0.761 0.722222
0.761 0.9375
0.762 0.764706
0.762 0.675
0.762 0.5
0.762 0.842105
0.762 0.85
0.763 0.75
0.763 1
0.763 0.894737
0.763 0.777778
0.763 0.794118
0.764 0.833333
0.764 0.921053
0.764 0.892857
0.764 0.692308
0.764 0.823529
0.765 0.78125
0.765 0.5
0.765 0.384615
0.765 0.78125
0.765 0.880952
0.766 0.676471
0.766 0.631579
0.766 0.861111
0.766 0.975
0.766 0
0.767 0.423077
0.767 0.894737
0.767 0.875
0.767 0.973684
0.767 0.588235
0.768 0.7
0.768 0.625
0.768 0.833333
0.768 0.894737
0.768 1
0.769 0.8125
0.769 0.973684
0.769 0.815789
0.769 0.861111
0.769 0.65625
0.77 0.97619
0.77 0.466667
0.77 0.566667
0.77 0.833333
0.77 0.875
0.771 0.4375
0.771 0.75
0.771 0.921053
0.771 0.529412
0.771 0.53125
0.772 0.875
0.772 0.55
0.772 0.882353
0.772 0.555556
0.772 0.916667
0.773 0.794118
0.773 0.916667
0.773 0.642857
0.773 0.578947
0.773 0.666667
0.774 0.84375
0.774 0.785714
0.774 0.583333
0.774 0.71875
0.774 0.605263
0.775 0.736842
0.775 1
0.775 0.916667
0.775 0
0.775 0.875
0.776 0.875
0.776 0.676471
0.776 0
0.776 0.975
0.776 0.916667
0.777 0.888889
0.777 0.868421
0.777 0.65625
0.777 0.5625
0.777 0.852941
0.778 0.916667
0.778 0.777778
0.778 0.815789
0.778 1
0.778 0.583333
0.779 0.735294
0.779 0.777778
0.779 0.928571
0.779 0.533333
0.779 0.666667
0.78 0.75
0.78 0.777778
0.78 0.575
0.78 0.9
0.78 0.633333
0.781 0.823529
0.781 0.815789
0.781 0.8
0.781 0.880952
0.781 0.875
0.782 0.928571
0.782 0.78125
0.782 0.868421
0.782 0.583333
0.782 0.666667
0.783 0
0.783 0.714286
0.783 0.794118
0.783 0.857143
0.783 0.888889
0.784 0.911765
0.784 0.638889
0.784 0.823529
0.784 0.583333
0.784 0.75
0.785 0.638889
0.785 0.6875
0.785 0.925
0.785 0.472222
0.785 0.684211
0.786 0.714286
0.786 0.722222
0.786 0.346154
0.786 0.911765
0.786 0
0.787 0.842105
0.787 0
0.787 0.807692
0.787 0.735294
0.787 0.638889
0.788 0.785714
0.788 0.916667
0.788 0.588235
0.788 0.921053
0.788 0.868421
0.789 0.842105
0.789 0.921053
0.789 0.833333
0.789 0.821429
0.789 0.46875
0.79 0.805556
0.79 0.875
0.79 0.823529
0.79 0.733333
0.79 0.617647
0.791 0.880952
0.791 0.888889
0.791 0.642857
0.791 0.7
0.791 0.815789
0.792 0.911765
0.792 0
0.792 0.583333
0.792 0.6
0.792 0.65
0.793 0.863636
0.793 0.6875
0.793 0.861111
0.793 0.921053
0.793 0.78125
0.794 0.444444
0.794 0.625
0.794 0.583333
0.794 0.525
0.794 0.552632
0.795 1
0.795 0.972222
0.795 0.947368
0.795 0.941176
0.795 0.823529
0.796 0.75
0.796 0.714286
0.796 0.75
0.796 0.777778
0.796 0.973684
0.797 0.875
0.797 0.619048
0.797 0.916667
0.797 0.944444
0.797 0.970588
0.798 0.925
0.798 0.916667
0.798 0.705882
0.798 0.9
0.798 0.7
0.799 0.675
0.799 0.5
0.799 0.833333
0.799 0.666667
0.799 0.947368
0.8 0.766667
0.8 0.95
0.8 0.972222
0.8 0.71875
0.8 0.97619
0.801 0.666667
0.801 0.555556
0.801 0.785714
0.801 0.888889
0.801 1
0.802 0.571429
0.802 0.535714
0.802 0.868421
0.802 0.888889
0.802 0.625
0.803 0.964286
0.803 0.952381
0.803 0.764706
0.803 0.833333
0.803 0.805556
0.804 0.815789
0.804 0.9375
0.804 0.617647
0.804 0.764706
0.804 0.694444
0.805 0.805556
0.805 0.916667
0.805 0.911765
0.805 0.785714
0.805 0.84375
0.806 0.625
0.806 1
0.806 0.825
0.806 0.861111
0.806 0.928571
0.807 0.9
0.807 0.888889
0.807 0.882353
0.807 0.763158
0.807 0.625
0.808 0.9
0.808 0.888889
0.808 0.666667
0.808 0.705882
0.808 0.875
0.809 0.823529
0.809 0.8125
0.809 0.975
0.809 0.833333
0.809 0.947368
0.81 0.5
0.81 0.944444
0.81 0.947368
0.81 0.764706
0.81 0.947368
0.811 0.928571
0.811 0.921053
0.811 0.921053
0.811 1
0.811 0.928571
0.812 0.868421
0.812 0.882353
0.812 0.925
0.812 0.625
0.812 0.538462
0.813 0.5
0.813 0.894737
0.813 0
0.813 0.5
0.813 0.894737
0.814 0.823529
0.814 0.9375
0.814 0.5625
0.814 0.90625
0.814 1
0.815 0.794118
0.815 0.868421
0.815 0.805556
0.815 0.815789
0.815 0.921053
0.816 0.921053
0.816 0.764706
0.816 0.8125
0.816 0.842105
0.816 0.875
0.817 0.307692
0.817 0.823529
0.817 1
0.817 0.84375
0.817 0.868421
0.818 0.815789
0.818 0.764706
0.818 0.904762
0.818 0.65
0.818 0.823529
0.819 0.815789
0.819 0.75
0.819 0.8
0.819 0.842105
0.819 0.904762
0.82 0.928571
0.82 0.78125
0.82 0.611111
0.82 0.868421
0.82 0.815789
0.821 0.973684
0.821 0.894737
0.821 1
0.821 0.842105
0.821 0.678571
0.822 0.904762
0.822 0.764706
0.822 0.722222
0.822 0.794118
0.822 0.861111
0.823 0.842105
0.823 0.8
0.823 0.625
0.823 0.875
0.823 0.9
0.824 0.916667
0.824 0.9
0.824 0.676471
0.824 0.842105
0.824 0.944444
0.825 1
0.825 0.789474
0.825 0.763158
0.825 0.95
0.825 0.615385
0.826 0.975
0.826 0.552632
0.826 0.947368
0.826 0.842105
0.826 1
0.827 0.8125
0.827 0.916667
0.827 0.868421
0.827 0.9
0.827 0.555556
0.828 0.904762
0.828 0.842105
0.828 0.925
0.828 0.95
0.828 0.794118
0.829 0.647059
0.829 1
0.829 0.947368
0.829 0.833333
0.829 0.833333
0.83 0.764706
0.83 0.764706
0.83 0.977273
0.83 0.815789
0.83 0.973684
0.831 0.911765
0.831 0.842105
0.831 0.794118
0.831 0.916667
0.831 0.823529
0.832 0.470588
0.832 0.975
0.832 0.735294
0.832 0.928571
0.832 0.676471
0.833 0.875
0.833 0.925
0.833 0.794118
0.833 0.95
0.833 0.894737
0.834 0.842105
0.834 0.95
0.834 0.722222
0.834 0.925
0.834 0.90625
0.835 0.764706
0.835 0.527778
0.835 0.725
0.835 0.815789
0.835 0.825
0.836 0.97619
0.836 0.815789
0.836 0.97619
0.836 0.552632
0.836 0.625
0.837 0.461538
0.837 0.852941
0.837 0.789474
0.837 1
0.837 0.928571
0.838 0.868421
0.838 0.777778
0.838 0.529412
0.838 0.909091
0.838 0.9
0.839 0.382353
0.839 0.823529
0.839 0.529412
0.839 0.973684
0.839 0.894737
0.84 0.904762
0.84 0.921053
0.84 0.735294
0.84 0.625
0.84 0.631579
0.841 0.886364
0.841 0.95
0.841 0.904762
0.841 0.789474
0.841 0.894737
0.842 0.5
0.842 0.625
0.842 0.583333
0.842 0.868421
0.842 0.947368
0.843 0.928571
0.843 0.552632
0.843 1
0.843 0.638889
0.843 0.605263
0.844 0.95
0.844 0
0.844 0.789474
0.844 0.947368
0.844 0.763158
0.845 0.888889
0.845 0.880952
0.845 0.815789
0.845 0.690476
0.845 0.472222
0.846 0.529412
0.846 0.973684
0.846 0.921053
0.846 0.833333
0.846 0.921053
0.847 0.764706
0.847 0.975
0.847 0.75
0.847 0.868421
0.847 0.921053
0.848 0.75
0.848 0.46875
0.848 0.894737
0.848 0.977273
0.848 0.931818
0.849 0.9
0.849 0.842105
0.849 0.666667
0.849 0.642857
0.849 0.9
0.85 0.875
0.85 0.928571
0.85 0.888889
0.85 0.631579
0.85 0.857143
0.851 0.96875
0.851 0.638889
0.851 0.952381
0.851 0.875
0.851 0.833333
0.852 0.975
0.852 0.85
0.852 0.894737
0.852 0.928571
0.852 0.978261
0.853 0.952381
0.853 0.875
0.853 0.97619
0.853 0.954545
0.853 0.552632
0.854 0.529412
0.854 0.595238
0.854 0.764706
0.854 0.888889
0.854 0.527778
0.855 0.666667
0.855 0.85
0.855 1
0.855 0.857143
0.855 0.97619
0.856 0.657895
0.856 0.805556
0.856 0.973684
0.856 0.880952
0.856 0.909091
0.857 0.840909
0.857 0.880952
0.857 0.880952
0.857 0.777778
0.857 0.588235
0.858 0
0.858 0.925
0.858 0.666667
0.858 0.625
0.858 0.875
0.859 0.95
0.859 0.947368
0.859 0.65625
0.859 0.95
0.859 0.852941
0.86 0.575
0.86 0.944444
0.86 0.815789
0.86 0.977273
0.86 0.763158
0.861 0.925
0.861 0.921053
0.861 0.825
0.861 0.894737
0.861 0.705882
0.862 0.975
0.862 0.95
0.862 0.894737
0.862 0.952381
0.862 0.868421
0.863 0.85
0.863 0.880952
0.863 1
0.863 0.875
0.863 0.886364
0.864 0.880952
0.864 0.928571
0.864 0.764706
0.864 0.863636
0.864 0.9
0.865 0.975
0.865 0.529412
0.865 0.578947
0.865 0.638889
0.865 0.75
0.866 0.6875
0.866 0.736842
0.866 0.882353
0.866 0
0.866 0.761905
0.867 1
0.867 0.921053
0.867 0.952381
0.867 0.825
0.867 0.886364
0.868 0.95
0.868 0.947368
0.868 0
0.868 0.65
0.868 0.695652
0.869 0.230769
0.869 0.909091
0.869 1
0.869 0.85
0.869 0.85
0.87 0.690476
0.87 0.9
0.87 0.625
0.87 0
0.87 0.8125
0.871 0.925
0.871 0.595238
0.871 0.840909
0.871 0.886364
0.871 0.886364
0.872 0.894737
0.872 0.65
0.872 0.704545
0.872 1
0.872 0.875
0.873 0.85
0.873 0.75
0.873 0.704545
0.873 0
0.873 0.909091
0.874 0.84375
0.874 0.928571
0.874 0.533333
0.874 0.777778
0.874 0.5
0.875 0.909091
0.875 0.861111
0.875 0.736842
0.875 0.805556
0.875 0.722222
0.876 0
0.876 0.944444
0.876 0.886364
0.876 0.952381
0.876 0.571429
0.877 1
0.877 0.727273
0.877 0.875
0.877 0.911765
0.877 0.642857
0.878 0.861111
0.878 0.925
0.878 0.95
0.878 0.825
0.878 0.8
0.879 1
0.879 0.973684
0.879 0.552632
0.879 0.857143
0.879 0.625
0.88 0.736842
0.88 1
0.88 0.842105
0.88 0.527778
0.88 0.95
0.881 0.952381
0.881 0.8
0.881 0.833333
0.881 0.775
0.881 0.857143
0.882 0.925
0.882 1
0.882 0.7
0.882 0.975
0.882 0.909091
0.883 0.97619
0.883 0.925
0.883 0.894737
0.883 0.825
0.883 0.909091
0.884 0.868421
0.884 0.975
0.884 0.833333
0.884 0.975
0.884 1
0.885 0.95
0.885 0.777778
0.885 0.470588
0.885 0.954545
0.885 0.925
0.886 0.972222
0.886 0.695652
0.886 0.904762
0.886 0
0.886 0.952381
0.887 0.583333
0.887 0.65
0.887 0
0.887 0.690476
0.887 0.675
0.888 0.880952
0.888 0.777778
0.888 0.875
0.888 0.8
0.888 0.558824
0.889 0.975
0.889 0.975
0.889 1
0.889 0.763158
0.889 0.975
0.89 0.659091
0.89 0.868421
0.89 0.789474
0.89 0.880952
0.89 0.85
0.891 0.642857
0.891 0.722222
0.891 0.973684
0.891 0.764706
0.891 0
0.892 1
0.892 0.675
0.892 0.875
0.892 0.75
0.892 0.978261
0.893 0.977273
0.893 0.954545
0.893 0.840909
0.893 0.891304
0.893 0.921053
0.894 0.954545
0.894 0.85
0.894 0.947368
0.894 0.619048
0.894 0.904762
0.895 0.7
0.895 0.894737
0.895 0.833333
0.895 0.904762
0.895 1
0.896 0.880952
0.896 0.659091
0.896 0.857143
0.896 0.904762
0.896 0.681818
0.897 0.625
0.897 0.642857
0.897 0.904762
0.897 0.931818
0.897 0.666667
0.898 0.833333
0.898 0.909091
0.898 0.840909
0.898 0.595238
0.898 0.666667
0.899 0.977273
0.899 0.975
0.899 0.954545
0.899 0.886364
0.899 0.868421
0.9 0.954545
0.9 0.952381
0.9 0.631579
0.9 0.972222
0.9 0.825
0.901 0.9
0.901 0
0.901 0.789474
0.901 0.977273
0.901 0.842105
0.902 0.775
0.902 1
0.902 0.85
0.902 1
0.902 0.97619
0.903 0
0.903 0.575
0.903 0.954545
0.903 0.825
0.903 0.631579
0.904 0.909091
0.904 0.714286
0.904 0.952381
0.904 0.916667
0.904 0.978261
0.905 0.956522
0.905 0.842105
0.905 0.952381
0.905 0.714286
0.905 0.815789
0.906 0.880952
0.906 0.95
0.906 0.782609
0.906 0.794118
0.906 0.944444
0.907 0.842105
0.907 0.85
0.907 0.825
0.907 0.8
0.907 0.978261
0.908 0.695652
0.908 0.880952
0.908 0.842105
0.908 0.952381
0.908 1
0.909 0.73913
0.909 0.97619
0.909 0.973684
0.909 0.954545
0.909 0.8
0.91 0.842105
0.91 0
0.91 0.714286
0.91 0.875
0.91 0.947368
0.911 0.954545
0.911 0.909091
0.911 0.868421
0.911 0.977273
0.911 0.85
0.912 0.978261
0.912 0.85
0.912 0.894737
0.912 1
0.912 0.9
0.913 0.861111
0.913 1
0.913 0.9
0.913 0.954545
0.913 0.825
0.914 1
0.914 0.880952
0.914 0.954545
0.914 0.904762
0.914 0.75
0.915 0.880952
0.915 0.78125
0.915 0
0.915 1
0.915 0.825
0.916 0.875
0.916 0.978261
0.916 0.7
0.916 1
0.916 0.85
0.917 0.76087
0.917 0.690476
0.917 0.909091
0.917 0.5
0.917 0.684211
0.918 0
0.918 0.857143
0.918 0.956522
0.918 0.704545
0.918 1
0.919 0.805556
0.919 1
0.919 0.595238
0.919 0.925
0.919 0.863636
0.92 1
0.92 0.880952
0.92 0.9
0.92 1
0.92 0.636364
0.921 0.977273
0.921 0.875
0.921 0.863636
0.921 0.978261
0.921 0.880952
0.922 0.891304
0.922 0.857143
0.922 0.934783
0.922 0.809524
0.922 0.934783
0.923 0.9
0.923 0.611111
0.923 1
0.923 0.928571
0.923 0.880952
0.924 0.833333
0.924 0.952381
0.924 0.956522
0.924 0.931818
0.924 0.875
0.925 0.954545
0.925 0.85
0.925 0.857143
0.925 0.880952
0.925 0.956522
0.926 0.772727
0.926 0
0.926 0.825
0.926 0.717391
0.926 0
0.927 0.695652
0.927 0.9
0.927 1
0.927 0.825
0.927 0.909091
0.928 0.875
0.928 0.977273
0.928 0.875
0.928 0.85
0.928 0.875
0.929 1
0.929 0.952381
0.929 0.975
0.929 0.868421
0.929 0.954545
0.93 0.904762
0.93 0
0.93 0.7
0.93 0.690476
0.93 0.909091
0.931 0.978261
0.931 0.97619
0.931 0.97619
0.931 0.911765
0.931 0.886364
0.932 0.928571
0.932 0.978261
0.932 0.605263
0.932 0.880952
0.932 0.818182
0.933 0.886364
0.933 0.717391
0.933 0.954545
0.933 0.977273
0.933 0.904762
0.934 0.714286
0.934 0.825
0.934 0.76087
0.934 0.880952
0.934 0.925
0.935 1
0.935 0.909091
0.935 0.956522
0.935 0.909091
0.935 0.886364
0.936 0.85
0.936 1
0.936 0.880952
0.936 0.977273
0.936 0.717391
0.937 0.928571
0.937 0.931818
0.937 0.97619
0.937 1
0.937 0.6
0.938 0.931818
0.938 0.931818
0.938 0.869565
0.938 0.857143
0.938 0.956522
0.939 0.642857
0.939 1
0.939 0.85
0.939 0.913043
0.939 0.952381
0.94 0.977273
0.94 0.695652
0.94 0.954545
0.94 0.97619
0.94 0.913043
0.941 0.886364
0.941 0.681818
0.941 0.952381
0.941 0.886364
0.941 0.857143
0.942 0
0.942 0.863636
0.942 0.863636
0.942 0.904762
0.942 0.833333
0.943 0.840909
0.943 0.880952
0.943 0.868421
0.943 0.931818
0.943 0.717391
0.944 1
0.944 0.738095
0.944 0.931818
0.944 0.714286
0.944 0.904762
0.945 0.954545
0.945 0.904762
0.945 0.886364
0.945 0.857143
0.945 1
0.946 0.73913
0.946 0.978261
0.946 0.97619
0.946 0.840909
0.946 0.928571
0.947 0.869565
0.947 0.717391
0.947 0.934783
0.947 0.690476
0.947 0
0.948 0.954545
0.948 0.956522
0.948 0
0.948 0.931818
0.948 0.952381
0.949 0.73913
0.949 0.761905
0.949 1
0.949 0.913043
0.949 0.886364
0.95 0.954545
0.95 0.954545
0.95 0.956522
0.95 0.928571
0.95 0.642857
0.951 1
0.951 0.934783
0.951 1
0.951 0.717391
0.951 0.956522
0.952 0.904762
0.952 0.76087
0.952 1
0.952 0.886364
0.952 0.931818
0.953 0.886364
0.953 0.978261
0.953 0
0.953 0.954545
0.953 0.886364
0.954 0.931818
0.954 0.978261
0.954 0.869565
0.954 0.880952
0.954 0.934783
0.955 0.575
0.955 1
0.955 0.886364
0.955 0.636364
0.955 0.934783
0.956 0.863636
0.956 0.978261
0.956 0.904762
0.956 0.954545
0.956 0.954545
0.957 0.75
0.957 0.891304
0.957 0.891304
0.957 0.954545
0.957 1
0.958 0.978261
0.958 0.977273
0.958 0.863636
0.958 1
0.958 0.934783
0.959 0.954545
0.959 0.97619
0.959 0.978261
0.959 0.575
0.959 0.909091
0.96 0.913043
0.96 0.934783
0.96 0.931818
0.96 0.913043
0.96 0.975
0.961 0.931818
0.961 0.931818
0.961 1
0.961 0.977273
0.961 0.863636
0.962 0.904762
0.962 0.977273
0.962 0.913043
0.962 1
0.962 0.954545
0.963 0.857143
0.963 0.956522
0.963 0.863636
0.963 1
0.963 0.956522
0.964 0.891304
0.964 0.840909
0.964 0.833333
0.964 0.977273
0.964 0.869565
0.965 0.891304
0.965 0.891304
0.965 0.977273
0.965 1
0.965 0.880952
0.966 0.956522
0.966 1
0.966 0.681818
0.966 0.956522
0.966 0.659091
0.967 0.978261
0.967 1
0.967 1
0.967 0.978261
0.967 0.886364
0.968 0.782609
0.968 1
0.968 0.931818
0.968 0.717391
0.968 0.891304
0.969 0.891304
0.969 0.891304
0.969 0.891304
0.969 1
0.969 0.928571
0.97 1
0.97 0.717391
0.97 0.952381
0.97 0.934783
0.97 0.977273
0.971 0.954545
0.971 0.909091
0.971 0.8
0.971 1
0.971 0.642857
0.972 0.978261
0.972 0.833333
0.972 0.857143
0.972 0.934783
0.972 0
0.973 0.913043
0.973 0.880952
0.973 0.809524
0.973 0.978261
0.973 0.928571
0.974 0.833333
0.974 0.76087
0.974 0.952381
0.974 0.934783
0.974 0.934783
0.975 0.956522
0.975 0.863636
0.975 1
0.975 0.931818
0.975 0.695652
0.976 0.782609
0.976 0.978261
0.976 0.954545
0.976 0.977273
0.976 0.956522
0.977 0.913043
0.977 1
0.977 0.931818
0.977 0.977273
0.977 0.869565
0.978 1
0.978 0.978261
0.978 0.886364
0.978 0.909091
0.978 0.913043
0.979 0.704545
0.979 0.954545
0.979 0.934783
0.979 1
0.979 0.934783
0.98 0
0.98 1
0.98 1
0.98 0.904762
0.98 1
0.981 0.891304
0.981 0.956522
0.981 0.891304
0.981 1
0.981 0.863636
0.982 0.909091
0.982 0.76087
0.982 0.782609
0.982 0
0.982 0.717391
0.983 0.956522
0.983 0.978261
0.983 0.954545
0.983 0
0.983 0.695652
0.984 0.978261
0.984 1
0.984 0.857143
0.984 0.913043
0.984 0.863636
0.985 0.977273
0.985 0.978261
0.985 0.956522
0.985 0.717391
0.985 0.978261
0.986 1
0.986 1
0.986 0.956522
0.986 0.978261
0.986 0.954545
0.987 0.891304
0.987 0.978261
0.987 0.956522
0.987 1
0.987 0.840909
0.988 1
0.988 0.956522
0.988 0.695652
0.988 0.931818
0.988 1
0.989 0.954545
0.989 0.869565
0.989 0.978261
0.989 1
0.989 0.978261
0.99 0.956522
0.99 0.934783
0.99 0.891304
0.99 0.956522
0.99 0
0.991 0.869565
0.991 0.934783
0.991 0.913043
0.991 0.891304
0.991 1
0.992 0.869565
0.992 0.934783
0.992 0.956522
0.992 0.891304
0.992 0.956522
0.993 0.913043
0.993 0.978261
0.993 1
0.993 0.934783
0.993 0.956522
0.994 0.891304
0.994 0.913043
0.994 0.934783
0.994 0.840909
0.994 0.956522
0.995 0.977273
0.995 0.891304
0.995 0.869565
0.995 0.891304
0.995 0.934783
0.996 0.934783
0.996 0.891304
0.996 0.891304
0.996 0.869565
0.996 0.978261
0.997 1
0.997 0.978261
0.997 0.869565
0.997 0.978261
0.997 1
0.998 0.956522
0.998 1
0.998 0.934783
0.998 0.978261
0.998 1
0.999 0.695652
0.999 1
0.999 0.956522
0.999 1
0.999 0.891304
