0 0
0.001 0
0.002 0
0.003 0
0.004 0
0.005 0
0.006 0
0.007 0
0.008 0
0.009 0
0.01 0
0.011 0
0.012 0
0.013 0
0.014 0
0.015 0
0.016 0
0.017 0
0.018 0
0.019 0
0.02 0
0.021 0
0.022 0
0.023 0
0.024 0
0.025 0
0.026 0
0.027 0
0.028 0
0.029 0
0.03 0
0.031 0
0.032 0
0.033 0
0.034 0
0.035 0
0.036 0
0.037 0
0.038 0
0.039 0
0.04 0
0.041 0
0.042 0
0.043 0
0.044 0
0.045 0
0.046 0
0.047 0
0.048 0
0.049 0
0.05 0
0.051 0
0.052 0
0.053 0
0.054 0
0.055 0
0.056 0
0.057 0
0.058 0
0.059 0
0.06 0
0.061 0
0.062 0
0.063 0
0.064 0
0.065 0
0.066 0
0.067 0
0.068 0
0.069 0
0.07 0
0.071 0
0.072 0
0.073 0
0.074 0
0.075 0
0.076 0
0.077 0
0.078 0
0.079 0
0.08 0
0.081 0
0.082 0
0.083 0
0.084 0
0.085 0.1
0.086 0
0.087 0
0.088 0
0.089 0
0.09 0
0.091 0.04
0.092 0
0.093 0
0.094 0
0.095 0
0.096 0
0.097 0
0.098 0
0.099 0
0.1 0
0.101 0
0.102 0
0.103 0
0.104 0
0.105 0
0.106 0
0.107 0
0.108 0
0.109 0.025
0.11 0
0.111 0
0.112 0
0.113 0
0.114 0
0.115 0
0.116 0
0.117 0
0.118 0
0.119 0
0.12 0
0.121 0
0.122 0.0666667
0.123 0
0.124 0
0.125 0
0.126 0
0.127 0
0.128 0
0.129 0
0.13 0
0.131 0
0.132 0
0.133 0.08
0.134 0.05
0.135 0.0333333
0.136 0.05
0.137 0
0.138 0
0.139 0
0.14 0
0.141 0
0.142 0
0.143 0
0.144 0
0.145 0.02
0.146 0
0.147 0
0.148 0
0.149 0.133333
0.15 0.0666667
0.151 0.025
0.152 0.125
0.153 0
0.154 0
0.155 0.025
0.156 0
0.157 0
0.158 0
0.159 0
0.16 0
0.161 0.05
0.162 0.05
0.163 0
0.164 0
0.165 0
0.166 0
0.167 0.106667
0.168 0.0666667
0.169 0
0.17 0
0.171 0
0.172 0
0.173 0
0.174 0.116667
0.175 0
0.176 0.04
0.177 0.05
0.178 0.08
0.179 0.05
0.18 0
0.181 0
0.182 0.05
0.183 0.05
0.184 0.08
0.185 0.123333
0.186 0.1
0.187 0.113333
0.188 0
0.189 0.18
0.19 0.08
0.191 0.156667
0.192 0.0666667
0.193 0.0857143
0.194 0.1
0.195 0
0.196 0
0.197 0
0.198 0.0666667
0.199 0.0666667
0.2 0.0333333
0.201 0
0.202 0
0.203 0
0.204 0.025
0.205 0.13
0.206 0.0571429
0.207 0.04
0.208 0.0333333
0.209 0.1
0.21 0.0333333
0.211 0.0571429
0.212 0
0.213 0.08
0.214 0.2125
0.215 0.288889
0.216 0.173929
0.217 0.0333333
0.218 0
0.219 0.196667
0.22 0.0285714
0.221 0.133333
0.222 0.06
0.223 0
0.224 0
0.225 0
0.226 0.106667
0.227 0
0.228 0
0.229 0.228571
0.23 0.065
0.231 0.0285714
0.232 0.04
0.233 0.0880952
0.234 0.119048
0.235 0.0666667
0.236 0.0785714
0.237 0.0714286
0.238 0.0733333
0.239 0.0685714
0.24 0.13
0.241 0.075
0.242 0.075
0.243 0.194444
0.244 0
0.245 0.166667
0.246 0.146667
0.247 0.04
0.248 0.06
0.249 0.17
0.25 0.0733333
0.251 0.128571
0.252 0.0285714
0.253 0.12381
0.254 0.106667
0.255 0
0.256 0.0285714
0.257 0.0666667
0.258 0.0875
0.259 0.107143
0.26 0.1
0.261 0
0.262 0.1
0.263 0.144286
0.264 0.157143
0.265 0.166667
0.266 0.0571429
0.267 0.32
0.268 0.111111
0.269 0.14
0.27 0.14
0.271 0.05
0.272 0.0685714
0.273 0.09
0.274 0.111905
0.275 0.05
0.276 0.211429
0.277 0.135
0.278 0.25
0.279 0.241667
0.28 0.130476
0.281 0.0983333
0.282 0.0333333
0.283 0
0.284 0.166667
0.285 0.25119
0.286 0.107143
0.287 0.0666667
0.288 0.19
0.289 0.166071
0.29 0.0833333
0.291 0.0285714
0.292 0.174892
0.293 0.257143
0.294 0.156818
0.295 0.15
0.296 0.161905
0.297 0.19
0.298 0.162857
0.299 0.0857143
0.3 0.125
0.301 0.0833333
0.302 0.139048
0.303 0.113333
0.304 0.15
0.305 0.0952381
0.306 0.08
0.307 0.04
0.308 0.295
0.309 0.0833333
0.31 0.1375
0.311 0.35
0.312 0.133333
0.313 0.178571
0.314 0.218571
0.315 0.238889
0.316 0
0.317 0.199048
0.318 0.0285714
0.319 0.215
0.32 0.269048
0.321 0.22619
0.322 0.238462
0.323 0
0.324 0.369444
0.325 0.15
0.326 0.139286
0.327 0.215476
0.328 0.0166667
0.329 0.0971429
0.33 0.18
0.331 0.0885714
0.332 0.299134
0.333 0.296429
0.334 0.168571
0.335 0.205604
0.336 0.241865
0.337 0.0666667
0.338 0.205833
0.339 0.348333
0.34 0.357222
0.341 0.148889
0.342 0.133333
0.343 0.111905
0.344 0.350437
0.345 0.172727
0.346 0.153889
0.347 0.25381
0.348 0.05
0.349 0.161905
0.35 0.240714
0.351 0.335877
0.352 0.0545455
0.353 0.210714
0.354 0.15
0.355 0.196667
0.356 0.24
0.357 0.0571429
0.358 0.1
0.359 0.298734
0.36 0.273016
0.361 0.11746
0.362 0.357778
0.363 0.393333
0.364 0.111905
0.365 0.127273
0.366 0.251717
0.367 0.06
0.368 0.356111
0.369 0.366729
0.37 0.149451
0.371 0.449524
0.372 0
0.373 0.274176
0.374 0.233333
0.375 0.401667
0.376 0.255556
0.377 0.261508
0.378 0.255556
0.379 0.299755
0.38 0.226061
0.381 0.373232
0.382 0.190873
0.383 0.200476
0.384 0.181667
0.385 0.263333
0.386 0.185
0.387 0.161111
0.388 0.216667
0.389 0.154167
0.39 0.258442
0.391 0.279762
0.392 0.298214
0.393 0.257778
0.394 0.312698
0.395 0.237778
0.396 0.288095
0.397 0.352967
0.398 0.238095
0.399 0.320556
0.4 0.0444444
0.401 0.266905
0.402 0.148214
0.403 0.333254
0.404 0.116667
0.405 0.264286
0.406 0.21461
0.407 0.225
0.408 0.260928
0.409 0.396029
0.41 0.287013
0.411 0.313571
0.412 0.416667
0.413 0.182143
0.414 0.37123
0.415 0.518402
0.416 0.397222
0.417 0.206667
0.418 0.304545
0.419 0.0666667
0.42 0.221717
0.421 0.314444
0.422 0.364459
0.423 0.462067
0.424 0.556948
0.425 0.388889
0.426 0.374026
0.427 0.425844
0.428 0.274603
0.429 0.385833
0.43 0.310101
0.431 0.230159
0.432 0.481667
0.433 0.373462
0.434 0.292424
0.435 0.195
0.436 0.359615
0.437 0.345455
0.438 0.276046
0.439 0.306667
0.44 0.479402
0.441 0.277381
0.442 0.261364
0.443 0.143571
0.444 0.195
0.445 0.21039
0.446 0.297208
0.447 0.550272
0.448 0.21987
0.449 0.358333
0.45 0.345833
0.451 0.495513
0.452 0.338974
0.453 0.383333
0.454 0.536111
0.455 0.318788
0.456 0.492929
0.457 0.401414
0.458 0.45404
0.459 0.302778
0.46 0.244949
0.461 0.475682
0.462 0.268586
0.463 0.248442
0.464 0.295833
0.465 0.247143
0.466 0.404545
0.467 0.342749
0.468 0.406071
0.469 0.461616
0.47 0.25
0.471 0.360879
0.472 0.479028
0.473 0.359899
0.474 0.426591
0.475 0.376948
0.476 0.420959
0.477 0.453722
0.478 0.45959
0.479 0.346414
0.48 0.432005
0.481 0.632711
0.482 0.322879
0.483 0.273077
0.484 0.555256
0.485 0.320079
0.486 0.338333
0.487 0.578885
0.488 0.379744
0.489 0.275556
0.49 0.505893
0.491 0.428095
0.492 0.221061
0.493 0.293333
0.494 0.672828
0.495 0.284444
0.496 0.590769
0.497 0.377576
0.498 0.369881
0.499 0.398788
0.5 0.4
0.501 0.344044
0.502 0.62974
0.503 0.676076
0.504 0.536061
0.505 0.478187
0.506 0.464978
0.507 0.320887
0.508 0.162626
0.509 0.434416
0.51 0.562238
0.511 0.627924
0.512 0.383077
0.513 0.533333
0.514 0.323214
0.515 0.510571
0.516 0.500851
0.517 0.434592
0.518 0.374892
0.519 0.347727
0.52 0.545
0.521 0.228889
0.522 0.358658
0.523 0.391667
0.524 0.275
0.525 0.176786
0.526 0.619359
0.527 0.601061
0.528 0.465833
0.529 0.430769
0.53 0.361891
0.531 0.375325
0.532 0.34662
0.533 0.380769
0.534 0.459145
0.535 0.498095
0.536 0.465758
0.537 0.654945
0.538 0.486993
0.539 0.439396
0.54 0.461806
0.541 0.532857
0.542 0.498052
0.543 0.28141
0.544 0.365556
0.545 0.623124
0.546 0.47316
0.547 0.409965
0.548 0.555644
0.549 0.528864
0.55 0.408438
0.551 0.560577
0.552 0.618137
0.553 0.584401
0.554 0.290549
0.555 0.538116
0.556 0.545338
0.557 0.573275
0.558 0.590037
0.559 0.520921
0.56 0.695299
0.561 0.52152
0.562 0.48
0.563 0.530458
0.564 0.689784
0.565 0.382879
0.566 0.538262
0.567 0.428235
0.568 0.506061
0.569 0.622544
0.57 0.617044
0.571 0.524709
0.572 0.463989
0.573 0.635
0.574 0.549231
0.575 0.603235
0.576 0.431402
0.577 0.365909
0.578 0.506667
0.579 0.655548
0.58 0.556104
0.581 0.578555
0.582 0.396874
0.583 0.339441
0.584 0.628769
0.585 0.409341
0.586 0.530357
0.587 0.448333
0.588 0.630256
0.589 0.418487
0.59 0.459046
0.591 0.488456
0.592 0.586381
0.593 0.541856
0.594 0.378702
0.595 0.693025
0.596 0.558745
0.597 0.549492
0.598 0.544322
0.599 0.514048
0.6 0.65338
0.601 0.64508
0.602 0.485281
0.603 0.535311
0.604 0.523485
0.605 0.666607
0.606 0.529177
0.607 0.503077
0.608 0.488636
0.609 0.635623
0.61 0.67141
0.611 0.558828
0.612 0.452168
0.613 0.511973
0.614 0.0888889
0.615 0.401212
0.616 0.698352
0.617 0.65329
0.618 0.638393
0.619 0.577885
0.62 0.442222
0.621 0.658124
0.622 0.554487
0.623 0.762465
0.624 0.344569
0.625 0.495245
0.626 0.54444
0.627 0.536655
0.628 0.309231
0.629 0.638388
0.63 0.61039
0.631 0.591941
0.632 0.514314
0.633 0.666319
0.634 0.597621
0.635 0.650219
0.636 0.566667
0.637 0.620773
0.638 0.605594
0.639 0.703198
0.64 0.635977
0.641 0.492139
0.642 0.660969
0.643 0.49232
0.644 0.560059
0.645 0.69256
0.646 0.678759
0.647 0.662212
0.648 0.53348
0.649 0.59662
0.65 0.831699
0.651 0.549394
0.652 0.612681
0.653 0.551153
0.654 0.438447
0.655 0.522917
0.656 0.519366
0.657 0.684951
0.658 0.431194
0.659 0.439697
0.66 0.65746
0.661 0.701349
0.662 0.675495
0.663 0.495717
0.664 0.6075
0.665 0.592171
0.666 0.565238
0.667 0.5025
0.668 0.52609
0.669 0.518803
0.67 0.475675
0.671 0.730843
0.672 0.522917
0.673 0.540784
0.674 0.678512
0.675 0.718413
0.676 0.407984
0.677 0.599722
0.678 0.613095
0.679 0.573403
0.68 0.761422
0.681 0.627143
0.682 0.666381
0.683 0.705798
0.684 0.668102
0.685 0.540151
0.686 0.728379
0.687 0.66182
0.688 0.515556
0.689 0.768753
0.69 0.63211
0.691 0.592626
0.692 0.384762
0.693 0.626691
0.694 0.524956
0.695 0.47625
0.696 0.719903
0.697 0.617172
0.698 0.75869
0.699 0.710518
0.7 0.473477
0.701 0.600575
0.702 0.850544
0.703 0.600869
0.704 0.606495
0.705 0.570309
0.706 0.629443
0.707 0.846709
0.708 0.736662
0.709 0.58649
0.71 0.494603
0.711 0.622181
0.712 0.601527
0.713 0.658907
0.714 0.548746
0.715 0.794299
0.716 0.732083
0.717 0.814593
0.718 0.818726
0.719 0.718325
0.72 0.719167
0.721 0.782001
0.722 0.601667
0.723 0.748603
0.724 0.738393
0.725 0.847018
0.726 0.472276
0.727 0.745143
0.728 0.761569
0.729 0.750969
0.73 0.828812
0.731 0.608791
0.732 0.668304
0.733 0.678964
0.734 0.635662
0.735 0.483736
0.736 0.649895
0.737 0.741447
0.738 0.783007
0.739 0.807573
0.74 0.572939
0.741 0.796275
0.742 0.6852
0.743 0.441397
0.744 0.855965
0.745 0.765482
0.746 0.591703
0.747 0.587367
0.748 0.853595
0.749 0.705923
0.75 0.587796
0.751 0.728606
0.752 0.714286
0.753 0.75845
0.754 0.76614
0.755 0.828758
0.756 0.74062
0.757 0.687014
0.758 0.769199
0.759 0.554902
0.76 0.776838
0.761 0.683056
0.762 0.726362
0.763 0.843326
0.764 0.832616
0.765 0.665614
0.766 0.628832
0.767 0.750947
0.768 0.810614
0.769 0.823867
0.77 0.743571
0.771 0.633843
0.772 0.755915
0.773 0.719851
0.774 0.707362
0.775 0.705702
0.776 0.688627
0.777 0.7658
0.778 0.818713
0.779 0.728329
0.78 0.727222
0.781 0.839054
0.782 0.765648
0.783 0.650887
0.784 0.741503
0.785 0.681564
0.786 0.538885
0.787 0.604796
0.788 0.816018
0.789 0.777334
0.79 0.771013
0.791 0.785698
0.792 0.54902
0.793 0.82291
0.794 0.546082
0.795 0.936859
0.796 0.79315
0.797 0.865149
0.798 0.82951
0.799 0.724474
0.8 0.876766
0.801 0.779365
0.802 0.697891
0.803 0.864052
0.804 0.766017
0.805 0.85269
0.806 0.847937
0.807 0.81188
0.808 0.807288
0.809 0.878346
0.81 0.820777
0.811 0.93985
0.812 0.767847
0.813 0.557895
0.814 0.845956
0.815 0.840987
0.816 0.843073
0.817 0.768679
0.818 0.791757
0.819 0.822531
0.82 0.801029
0.821 0.87782
0.822 0.809384
0.823 0.808421
0.824 0.855937
0.825 0.823603
0.826 0.863421
0.827 0.810629
0.828 0.883197
0.829 0.852219
0.83 0.859232
0.831 0.857637
0.832 0.757185
0.833 0.887771
0.834 0.869115
0.835 0.731655
0.836 0.78916
0.837 0.806505
0.838 0.79694
0.839 0.720743
0.84 0.763538
0.841 0.885067
0.842 0.704825
0.843 0.745071
0.844 0.69
0.845 0.749666
0.846 0.835707
0.847 0.855836
0.848 0.804516
0.849 0.790326
0.85 0.836236
0.851 0.853671
0.852 0.925314
0.853 0.86215
0.854 0.661204
0.855 0.87
0.856 0.845436
0.857 0.793765
0.858 0.618333
0.859 0.871312
0.86 0.815133
0.861 0.854334
0.862 0.928108
0.863 0.898463
0.864 0.867573
0.865 0.69445
0.866 0.61372
0.867 0.916959
0.868 0.648604
0.869 0.767972
0.87 0.605595
0.871 0.826775
0.872 0.824856
0.873 0.642727
0.874 0.716687
0.875 0.806964
0.876 0.670924
0.877 0.831379
0.878 0.872222
0.879 0.801692
0.88 0.811345
0.881 0.843571
0.882 0.901818
0.883 0.906004
0.884 0.930351
0.885 0.815582
0.886 0.705003
0.887 0.519762
0.888 0.778511
0.889 0.937632
0.89 0.809588
0.891 0.620694
0.892 0.855652
0.893 0.917017
0.894 0.855145
0.895 0.866566
0.896 0.796753
0.897 0.754221
0.898 0.769048
0.899 0.932321
0.9 0.867146
0.901 0.70177
0.902 0.920238
0.903 0.597225
0.904 0.894137
0.905 0.856217
0.906 0.870425
0.907 0.859073
0.908 0.874218
0.909 0.88871
0.91 0.675752
0.911 0.911866
0.912 0.9246
0.913 0.908131
0.914 0.898052
0.915 0.69744
0.916 0.880652
0.917 0.708929
0.918 0.703642
0.919 0.837886
0.92 0.883463
0.921 0.915024
0.922 0.885507
0.923 0.864127
0.924 0.909811
0.925 0.899832
0.926 0.463024
0.927 0.865949
0.928 0.890455
0.929 0.950069
0.93 0.640866
0.931 0.945754
0.932 0.842246
0.933 0.888067
0.934 0.821222
0.935 0.932213
0.936 0.885123
0.937 0.887316
0.938 0.909373
0.939 0.871656
0.94 0.903341
0.941 0.852814
0.942 0.693074
0.943 0.847898
0.944 0.857792
0.945 0.920563
0.946 0.892612
0.947 0.642443
0.948 0.759053
0.949 0.860088
0.95 0.887408
0.951 0.921739
0.952 0.896763
0.953 0.741107
0.954 0.919076
0.955 0.806502
0.956 0.93115
0.957 0.897431
0.958 0.950791
0.959 0.878618
0.96 0.933538
0.961 0.940909
0.962 0.949925
0.963 0.926765
0.964 0.882477
0.965 0.928167
0.966 0.850791
0.967 0.968577
0.968 0.864625
0.969 0.920497
0.97 0.916366
0.971 0.861299
0.972 0.720704
0.973 0.90207
0.974 0.88323
0.975 0.889526
0.976 0.929842
0.977 0.93834
0.978 0.937352
0.979 0.905731
0.98 0.780952
0.981 0.920553
0.982 0.633992
0.983 0.716996
0.984 0.922417
0.985 0.921542
0.986 0.977866
0.987 0.933399
0.988 0.916798
0.989 0.956126
0.99 0.747826
0.991 0.921739
0.992 0.921739
0.993 0.956522
0.994 0.907312
0.995 0.912846
0.996 0.913043
0.997 0.965217
0.998 0.973913
0.999 0.908696
